<<Data>>
*****
Condition 9
Kv : 40
mA : 0.3
Time : 120
Filter : 5
Mask : 2
Rotation : True
Environment : Vacuum
 0 
 0 
 0 
 0 
 0 
 0 
 0 
 0 
 0 
 0 
 0 
 0 
 0 
 0 
 0 
 0 
 0 
 0 
 80 
 135 
 128 
 131 
 113 
 116 
 118 
 137 
 135 
 123 
 114 
 141 
 111 
 123 
 143 
 133 
 116 
 133 
 136 
 194 
 251 
 311 
 223 
 150 
 118 
 93 
 129 
 101 
 117 
 113 
 126 
 102 
 110 
 134 
 89 
 89 
 111 
 95 
 113 
 100 
 104 
 103 
 89 
 105 
 89 
 91 
 97 
 82 
 90 
 92 
 87 
 91 
 94 
 83 
 104 
 86 
 103 
 79 
 92 
 91 
 69 
 89 
 99 
 84 
 83 
 84 
 78 
 72 
 89 
 86 
 84 
 91 
 91 
 97 
 68 
 75 
 88 
 86 
 94 
 86 
 81 
 82 
 90 
 94 
 84 
 74 
 63 
 83 
 70 
 77 
 96 
 84 
 88 
 72 
 63 
 72 
 97 
 76 
 83 
 91 
 82 
 83 
 74 
 69 
 81 
 64 
 95 
 98 
 74 
 76 
 83 
 79 
 79 
 70 
 92 
 74 
 76 
 79 
 105 
 93 
 115 
 115 
 97 
 92 
 84 
 72 
 90 
 112 
 117 
 157 
 236 
 401 
 734 
 1276 
 2474 
 4127 
 5976 
 7446 
 7811 
 6810 
 5054 
 3226 
 1677 
 857 
 472 
 378 
 458 
 537 
 555 
 559 
 431 
 323 
 242 
 154 
 87 
 73 
 76 
 63 
 61 
 66 
 67 
 61 
 59 
 48 
 46 
 49 
 53 
 63 
 59 
 56 
 72 
 53 
 43 
 63 
 71 
 61 
 51 
 47 
 49 
 49 
 65 
 67 
 46 
 45 
 45 
 49 
 46 
 41 
 45 
 48 
 45 
 43 
 46 
 42 
 53 
 44 
 45 
 42 
 62 
 50 
 33 
 46 
 40 
 39 
 36 
 47 
 47 
 32 
 36 
 39 
 42 
 52 
 43 
 31 
 32 
 43 
 30 
 42 
 48 
 34 
 47 
 37 
 35 
 29 
 31 
 37 
 30 
 24 
 40 
 26 
 39 
 39 
 28 
 36 
 37 
 33 
 25 
 39 
 29 
 34 
 28 
 34 
 34 
 28 
 25 
 22 
 27 
 26 
 17 
 26 
 32 
 12 
 18 
 16 
 28 
 16 
 23 
 28 
 20 
 14 
 17 
 18 
 15 
 23 
 13 
 24 
 16 
 27 
 17 
 21 
 11 
 19 
 20 
 19 
 20 
 20 
 24 
 10 
 20 
 23 
 17 
 26 
 12 
 17 
 13 
 19 
 14 
 12 
 18 
 15 
 16 
 18 
 18 
 16 
 8 
 10 
 12 
 8 
 9 
 18 
 11 
 13 
 7 
 15 
 13 
 7 
 12 
 12 
 18 
 9 
 11 
 6 
 11 
 7 
 12 
 11 
 4 
 14 
 6 
 9 
 10 
 7 
 10 
 7 
 7 
 7 
 6 
 12 
 9 
 10 
 10 
 8 
 8 
 7 
 8 
 4 
 5 
 12 
 4 
 13 
 11 
 13 
 17 
 24 
 23 
 27 
 19 
 26 
 25 
 22 
 18 
 14 
 14 
 6 
 16 
 6 
 2 
 5 
 8 
 7 
 2 
 8 
 8 
 11 
 7 
 7 
 8 
 7 
 7 
 7 
 7 
 3 
 13 
 8 
 8 
 11 
 15 
 23 
 20 
 16 
 22 
 14 
 16 
 14 
 9 
 12 
 16 
 7 
 3 
 8 
 2 
 5 
 9 
 9 
 8 
 4 
 6 
 4 
 7 
 7 
 9 
 6 
 6 
 12 
 11 
 26 
 29 
 40 
 67 
 68 
 96 
 106 
 115 
 113 
 100 
 98 
 85 
 67 
 46 
 26 
 15 
 10 
 12 
 12 
 7 
 5 
 8 
 4 
 6 
 5 
 8 
 9 
 5 
 10 
 4 
 9 
 4 
 5 
 6 
 9 
 9 
 3 
 13 
 2 
 9 
 4 
 20 
 12 
 17 
 22 
 17 
 24 
 15 
 25 
 21 
 22 
 28 
 36 
 24 
 25 
 24 
 23 
 15 
 15 
 12 
 11 
 14 
 6 
 12 
 12 
 14 
 12 
 14 
 6 
 16 
 11 
 17 
 16 
 33 
 28 
 25 
 33 
 39 
 40 
 38 
 40 
 40 
 43 
 43 
 30 
 31 
 29 
 30 
 34 
 32 
 30 
 18 
 24 
 28 
 29 
 23 
 26 
 29 
 34 
 26 
 27 
 44 
 44 
 43 
 42 
 38 
 41 
 57 
 63 
 67 
 91 
 126 
 133 
 154 
 190 
 247 
 261 
 251 
 271 
 255 
 244 
 210 
 175 
 119 
 111 
 81 
 75 
 74 
 68 
 77 
 59 
 51 
 75 
 62 
 64 
 67 
 66 
 54 
 56 
 94 
 67 
 63 
 68 
 68 
 80 
 77 
 74 
 76 
 101 
 131 
 140 
 162 
 196 
 226 
 265 
 268 
 281 
 288 
 294 
 310 
 276 
 250 
 210 
 209 
 167 
 156 
 165 
 142 
 158 
 168 
 132 
 145 
 157 
 159 
 185 
 166 
 151 
 159 
 135 
 118 
 95 
 81 
 47 
 55 
 29 
 30 
 19 
 17 
 17 
 16 
 10 
 11 
 14 
 17 
 11 
 19 
 14 
 9 
 15 
 12 
 13 
 7 
 16 
 9 
 7 
 5 
 5 
 6 
 6 
 9 
 6 
 8 
 7 
 15 
 20 
 29 
 30 
 28 
 35 
 47 
 48 
 45 
 33 
 41 
 28 
 25 
 24 
 21 
 13 
 5 
 13 
 4 
 8 
 3 
 5 
 7 
 5 
 6 
 4 
 6 
 4 
 2 
 7 
 2 
 4 
 8 
 5 
 6 
 4 
 3 
 3 
 7 
 5 
 5 
 8 
 5 
 7 
 4 
 4 
 5 
 10 
 3 
 5 
 8 
 8 
 7 
 4 
 6 
 1 
 5 
 8 
 12 
 13 
 20 
 18 
 22 
 35 
 45 
 65 
 63 
 90 
 88 
 108 
 137 
 144 
 189 
 169 
 135 
 131 
 125 
 123 
 106 
 74 
 63 
 40 
 27 
 22 
 18 
 14 
 10 
 4 
 4 
 6 
 4 
 7 
 6 
 6 
 1 
 6 
 5 
 11 
 4 
 5 
 3 
 5 
 8 
 3 
 4 
 10 
 8 
 6 
 4 
 5 
 3 
 6 
 8 
 4 
 5 
 5 
 6 
 4 
 3 
 6 
 6 
 6 
 6 
 9 
 8 
 8 
 7 
 6 
 8 
 12 
 7 
 6 
 11 
 8 
 9 
 4 
 4 
 5 
 9 
 6 
 6 
 3 
 2 
 4 
 3 
 1 
 5 
 2 
 5 
 2 
 5 
 5 
 3 
 4 
 2 
 11 
 3 
 6 
 9 
 8 
 3 
 6 
 5 
 9 
 1 
 2 
 4 
 4 
 9 
 6 
 6 
 8 
 12 
 3 
 3 
 8 
 9 
 14 
 5 
 7 
 5 
 12 
 13 
 15 
 16 
 17 
 16 
 15 
 8 
 13 
 23 
 26 
 19 
 15 
 8 
 13 
 17 
 13 
 19 
 15 
 26 
 18 
 45 
 46 
 75 
 102 
 79 
 148 
 132 
 170 
 160 
 164 
 180 
 170 
 148 
 149 
 125 
 94 
 71 
 78 
 53 
 48 
 39 
 34 
 29 
 32 
 25 
 25 
 26 
 13 
 15 
 18 
 11 
 14 
 13 
 11 
 13 
 11 
 14 
 5 
 10 
 11 
 8 
 11 
 9 
 5 
 9 
 6 
 5 
 5 
 3 
 8 
 8 
 6 
 5 
 5 
 4 
 2 
 5 
 2 
 9 
 6 
 5 
 7 
 9 
 4 
 5 
 5 
 7 
 3 
 6 
 5 
 9 
 9 
 2 
 7 
 7 
 7 
 5 
 5 
 3 
 5 
 5 
 3 
 7 
 4 
 4 
 8 
 7 
 7 
 9 
 12 
 7 
 10 
 6 
 5 
 5 
 4 
 7 
 5 
 5 
 5 
 9 
 8 
 5 
 5 
 5 
 7 
 5 
 8 
 5 
 6 
 7 
 7 
 8 
 6 
 10 
 8 
 5 
 5 
 8 
 5 
 12 
 12 
 9 
 12 
 9 
 9 
 13 
 11 
 7 
 9 
 6 
 4 
 11 
 14 
 6 
 14 
 12 
 5 
 7 
 12 
 13 
 10 
 12 
 14 
 13 
 12 
 15 
 14 
 17 
 20 
 28 
 18 
 30 
 29 
 22 
 33 
 25 
 24 
 26 
 25 
 16 
 19 
 21 
 11 
 13 
 16 
 14 
 14 
 15 
 17 
 11 
 11 
 19 
 16 
 20 
 8 
 18 
 12 
 21 
 24 
 21 
 14 
 17 
 21 
 12 
 13 
 16 
 15 
 18 
 12 
 15 
 15 
 9 
 15 
 14 
 15 
 19 
 11 
 13 
 15 
 17 
 13 
 11 
 18 
 16 
 18 
 14 
 16 
 21 
 20 
 15 
 13 
 20 
 18 
 21 
 21 
 26 
 27 
 26 
 24 
 24 
 21 
 21 
 21 
 19 
 22 
 33 
 20 
 17 
 17 
 14 
 17 
 23 
 26 
 17 
 31 
 22 
 26 
 28 
 13 
 30 
 30 
 24 
 18 
 22 
 30 
 24 
 32 
 23 
 19 
 24 
 27 
 23 
 27 
 28 
 19 
 32 
 24 
 28 
 26 
 24 
 24 
 25 
 29 
 27 
 28 
 36 
 27 
 24 
 20 
 26 
 31 
 28 
 26 
 32 
 31 
 25 
 38 
 18 
 33 
 29 
 44 
 34 
 40 
 18 
 39 
 32 
 31 
 39 
 40 
 48 
 23 
 32 
 36 
 40 
 32 
 27 
 44 
 36 
 44 
 41 
 39 
 31 
 51 
 45 
 44 
 39 
 37 
 34 
 40 
 45 
 45 
 37 
 44 
 50 
 48 
 42 
 38 
 52 
 43 
 54 
 60 
 47 
 45 
 63 
 52 
 51 
 56 
 55 
 56 
 55 
 46 
 66 
 53 
 50 
 70 
 52 
 66 
 53 
 67 
 60 
 59 
 65 
 76 
 66 
 70 
 76 
 57 
 57 
 56 
 73 
 66 
 53 
 75 
 58 
 70 
 74 
 48 
 66 
 81 
 71 
 83 
 79 
 68 
 69 
 75 
 81 
 73 
 83 
 80 
 69 
 78 
 86 
 75 
 73 
 69 
 68 
 90 
 94 
 69 
 88 
 93 
 88 
 89 
 92 
 98 
 113 
 82 
 81 
 118 
 113 
 110 
 96 
 113 
 114 
 106 
 116 
 131 
 109 
 110 
 125 
 104 
 119 
 114 
 129 
 126 
 121 
 119 
 121 
 128 
 151 
 146 
 157 
 133 
 172 
 152 
 170 
 166 
 175 
 194 
 182 
 216 
 176 
 208 
 199 
 182 
 217 
 197 
 233 
 210 
 241 
 233 
 260 
 235 
 268 
 278 
 316 
 323 
 320 
 332 
 326 
 385 
 385 
 400 
 419 
 455 
 476 
 465 
 476 
 488 
 492 
 509 
 551 
 561 
 604 
 585 
 657 
 589 
 672 
 666 
 669 
 645 
 651 
 627 
 625 
 658 
 644 
 607 
 647 
 598 
 581 
 596 
 540 
 493 
 516 
 499 
 449 
 417 
 429 
 409 
 412 
 373 
 350 
 336 
 319 
 319 
 339 
 278 
 285 
 261 
 271 
 245 
 267 
 249 
 226 
 256 
 242 
 244 
 275 
 281 
 329 
 330 
 397 
 422 
 434 
 446 
 464 
 540 
 635 
 627 
 678 
 708 
 792 
 775 
 800 
 807 
 830 
 817 
 901 
 759 
 812 
 727 
 680 
 643 
 571 
 525 
 445 
 410 
 378 
 322 
 296 
 270 
 208 
 200 
 166 
 180 
 184 
 158 
 180 
 177 
 156 
 187 
 146 
 170 
 206 
 162 
 187 
 158 
 170 
 195 
 160 
 181 
 172 
 179 
 212 
 183 
 163 
 207 
 203 
 199 
 207 
 184 
 194 
 207 
 185 
 178 
 205 
 188 
 194 
 199 
 212 
 201 
 221 
 201 
 205 
 211 
 191 
 198 
 211 
 238 
 219 
 216 
 216 
 230 
 243 
 248 
 247 
 246 
 264 
 254 
 261 
 296 
 291 
 279 
 273 
 290 
 321 
 324 
 310 
 341 
 334 
 333 
 369 
 355 
 358 
 387 
 385 
 368 
 389 
 409 
 412 
 402 
 401 
 404 
 405 
 434 
 451 
 454 
 438 
 407 
 469 
 442 
 443 
 397 
 424 
 417 
 428 
 411 
 429 
 418 
 361 
 380 
 419 
 384 
 361 
 338 
 347 
 348 
 312 
 346 
 326 
 330 
 308 
 325 
 296 
 293 
 337 
 331 
 319 
 304 
 286 
 269 
 291 
 285 
 273 
 286 
 289 
 280 
 252 
 268 
 303 
 254 
 263 
 250 
 247 
 272 
 246 
 243 
 268 
 228 
 243 
 268 
 257 
 276 
 255 
 311 
 296 
 313 
 331 
 404 
 406 
 419 
 376 
 469 
 463 
 429 
 434 
 419 
 462 
 461 
 429 
 421 
 387 
 378 
 344 
 330 
 329 
 279 
 278 
 256 
 265 
 219 
 249 
 259 
 269 
 219 
 219 
 270 
 239 
 289 
 230 
 235 
 260 
 290 
 277 
 246 
 262 
 284 
 284 
 248 
 252 
 276 
 273 
 266 
 259 
 219 
 262 
 257 
 239 
 227 
 242 
 245 
 233 
 214 
 226 
 247 
 230 
 222 
 230 
 209 
 230 
 234 
 227 
 216 
 239 
 215 
 244 
 230 
 234 
 215 
 233 
 244 
 244 
 215 
 237 
 237 
 266 
 244 
 216 
 244 
 238 
 241 
 219 
 257 
 255 
 223 
 252 
 265 
 240 
 252 
 248 
 256 
 241 
 279 
 271 
 249 
 243 
 243 
 210 
 239 
 230 
 242 
 251 
 248 
 263 
 234 
 238 
 252 
 267 
 270 
 252 
 259 
 278 
 292 
 266 
 258 
 259 
 246 
 236 
 299 
 261 
 264 
 239 
 250 
 256 
 267 
 251 
 250 
 263 
 286 
 255 
 263 
 251 
 256 
 266 
 256 
 257 
 271 
 267 
 263 
 279 
 250 
 261 
 257 
 251 
 289 
 257 
 287 
 261 
 279 
 256 
 268 
 246 
 261 
 280 
 276 
 267 
 288 
 288 
 267 
 259 
 273 
 270 
 300 
 270 
 293 
 329 
 296 
 293 
 275 
 287 
 287 
 279 
 294 
 309 
 318 
 276 
 299 
 307 
 324 
 328 
 284 
 280 
 294 
 335 
 264 
 295 
 287 
 265 
 288 
 294 
 279 
 247 
 250 
 276 
 260 
 251 
 286 
 271 
 292 
 281 
 267 
 247 
 318 
 287 
 272 
 276 
 299 
 304 
 257 
 232 
 274 
 278 
 283 
 274 
 268 
 268 
 298 
 275 
 272 
 279 
 294 
 279 
 281 
 289 
 270 
 306 
 298 
 282 
 282 
 270 
 267 
 282 
 284 
 262 
 281 
 295 
 286 
 281 
 238 
 278 
 282 
 274 
 269 
 267 
 289 
 297 
 227 
 274 
 303 
 261 
 273 
 269 
 276 
 264 
 275 
 289 
 277 
 274 
 303 
 259 
 281 
 264 
 268 
 276 
 279 
 257 
 268 
 289 
 294 
 265 
 284 
 274 
 250 
 268 
 278 
 287 
 262 
 284 
 266 
 269 
 268 
 248 
 276 
 263 
 274 
 291 
 284 
 256 
 301 
 275 
 279 
 282 
 257 
 272 
 260 
 256 
 281 
 260 
 273 
 290 
 294 
 296 
 286 
 271 
 287 
 274 
 252 
 281 
 281 
 266 
 256 
 297 
 254 
 276 
 273 
 280 
 254 
 277 
 288 
 248 
 284 
 238 
 249 
 263 
 268 
 232 
 283 
 258 
 257 
 269 
 271 
 255 
 244 
 279 
 311 
 287 
 255 
 285 
 278 
 273 
 276 
 280 
 256 
 264 
 268 
 254 
 281 
 258 
 251 
 249 
 269 
 245 
 269 
 269 
 243 
 261 
 257 
 289 
 270 
 246 
 275 
 267 
 233 
 290 
 237 
 285 
 273 
 256 
 281 
 276 
 249 
 264 
 254 
 258 
 260 
 264 
 260 
 255 
 271 
 260 
 261 
 236 
 281 
 261 
 290 
 268 
 277 
 303 
 274 
 221 
 253 
 258 
 254 
 250 
 262 
 270 
 247 
 265 
 261 
 268 
 264 
 252 
 243 
 242 
 229 
 238 
 241 
 261 
 273 
 251 
 271 
 283 
 231 
 281 
 220 
 249 
 264 
 265 
 271 
 223 
 277 
 234 
 252 
 229 
 247 
 234 
 256 
 252 
 250 
 255 
 241 
 226 
 238 
 258 
 225 
 240 
 247 
 243 
 245 
 242 
 247 
 224 
 273 
 210 
 247 
 220 
 210 
 219 
 214 
 235 
 237 
 207 
 238 
 248 
 226 
 232 
 233 
 222 
 259 
 251 
 220 
 237 
 245 
 267 
 228 
 238 
 226 
 215 
 230 
 228 
 262 
 225 
 241 
 214 
 216 
 215 
 215 
 218 
 244 
 227 
 242 
 216 
 227 
 232 
 250 
 200 
 232 
 242 
 207 
 217 
 256 
 247 
 200 
 207 
 218 
 214 
 217 
 236 
 209 
 227 
 242 
 188 
 239 
 193 
 218 
 205 
 205 
 242 
 209 
 211 
 242 
 221 
 225 
 214 
 200 
 223 
 232 
 208 
 182 
 205 
 185 
 213 
 207 
 219 
 190 
 223 
 200 
 213 
 196 
<<EndData>>
<<Data>>
*****
Condition 8
Kv : 35
mA : 0.3
Time : 120
Filter : 5
Mask : 2
Rotation : True
Environment : Vacuum
 0 
 0 
 0 
 0 
 0 
 0 
 0 
 0 
 0 
 0 
 0 
 0 
 0 
 0 
 0 
 0 
 0 
 0 
 41 
 66 
 58 
 62 
 63 
 57 
 63 
 48 
 60 
 50 
 55 
 57 
 68 
 60 
 49 
 61 
 59 
 77 
 83 
 128 
 152 
 192 
 146 
 90 
 66 
 44 
 49 
 34 
 52 
 49 
 51 
 45 
 75 
 49 
 38 
 42 
 41 
 43 
 39 
 46 
 51 
 51 
 51 
 50 
 66 
 32 
 41 
 41 
 40 
 39 
 35 
 36 
 46 
 50 
 53 
 47 
 43 
 39 
 53 
 48 
 40 
 47 
 48 
 32 
 41 
 36 
 38 
 43 
 30 
 40 
 49 
 36 
 42 
 36 
 51 
 43 
 38 
 38 
 45 
 49 
 43 
 56 
 41 
 56 
 49 
 49 
 47 
 32 
 38 
 34 
 37 
 47 
 33 
 41 
 42 
 36 
 35 
 36 
 43 
 53 
 46 
 40 
 19 
 42 
 38 
 48 
 31 
 46 
 43 
 40 
 44 
 48 
 45 
 39 
 41 
 43 
 39 
 50 
 48 
 52 
 40 
 42 
 43 
 54 
 50 
 49 
 41 
 60 
 72 
 94 
 156 
 243 
 490 
 917 
 1731 
 3022 
 4177 
 5258 
 5611 
 4850 
 3671 
 2318 
 1250 
 598 
 326 
 274 
 295 
 351 
 395 
 345 
 282 
 218 
 136 
 66 
 43 
 24 
 30 
 26 
 26 
 22 
 25 
 35 
 23 
 24 
 11 
 28 
 12 
 23 
 25 
 18 
 11 
 17 
 19 
 21 
 15 
 19 
 24 
 14 
 10 
 14 
 11 
 18 
 22 
 22 
 13 
 20 
 20 
 9 
 9 
 11 
 18 
 17 
 26 
 14 
 21 
 15 
 6 
 11 
 19 
 12 
 12 
 10 
 11 
 9 
 15 
 12 
 18 
 9 
 16 
 16 
 7 
 12 
 6 
 8 
 5 
 12 
 10 
 7 
 13 
 6 
 9 
 14 
 9 
 9 
 5 
 8 
 9 
 9 
 7 
 16 
 16 
 13 
 17 
 17 
 10 
 11 
 7 
 7 
 3 
 7 
 5 
 7 
 8 
 3 
 6 
 5 
 9 
 4 
 5 
 8 
 6 
 4 
 1 
 8 
 5 
 7 
 8 
 6 
 3 
 4 
 6 
 7 
 5 
 3 
 5 
 3 
 5 
 3 
 4 
 4 
 4 
 3 
 1 
 4 
 4 
 8 
 3 
 4 
 4 
 4 
 5 
 3 
 3 
 3 
 4 
 7 
 7 
 4 
 6 
 5 
 3 
 3 
 3 
 11 
 2 
 4 
 6 
 4 
 2 
 2 
 6 
 2 
 7 
 1 
 4 
 3 
 1 
 3 
 2 
 4 
 5 
 1 
 5 
 1 
 4 
 3 
 2 
 4 
 1 
 2 
 2 
 5 
 4 
 2 
 5 
 0 
 3 
 4 
 2 
 5 
 4 
 3 
 5 
 1 
 1 
 2 
 5 
 6 
 6 
 5 
 3 
 2 
 10 
 7 
 13 
 18 
 13 
 10 
 8 
 11 
 8 
 10 
 6 
 2 
 7 
 7 
 5 
 9 
 2 
 1 
 4 
 0 
 2 
 6 
 1 
 0 
 3 
 1 
 4 
 1 
 10 
 4 
 1 
 1 
 10 
 6 
 9 
 9 
 12 
 10 
 9 
 7 
 6 
 3 
 4 
 6 
 3 
 6 
 2 
 4 
 2 
 1 
 6 
 4 
 3 
 0 
 2 
 3 
 1 
 2 
 5 
 4 
 2 
 4 
 9 
 15 
 15 
 23 
 43 
 35 
 53 
 61 
 78 
 69 
 55 
 53 
 44 
 26 
 21 
 12 
 11 
 10 
 4 
 4 
 3 
 7 
 2 
 6 
 7 
 5 
 3 
 3 
 2 
 4 
 2 
 3 
 3 
 2 
 5 
 3 
 5 
 4 
 6 
 5 
 3 
 4 
 6 
 8 
 6 
 11 
 9 
 7 
 12 
 13 
 6 
 12 
 22 
 14 
 14 
 15 
 18 
 14 
 6 
 14 
 9 
 11 
 9 
 10 
 9 
 9 
 8 
 8 
 12 
 11 
 14 
 13 
 11 
 12 
 13 
 11 
 17 
 21 
 24 
 30 
 26 
 32 
 26 
 26 
 28 
 19 
 23 
 33 
 14 
 17 
 13 
 21 
 14 
 28 
 16 
 9 
 30 
 27 
 22 
 22 
 27 
 34 
 35 
 32 
 36 
 28 
 31 
 63 
 39 
 50 
 64 
 82 
 76 
 84 
 120 
 118 
 140 
 181 
 164 
 169 
 175 
 185 
 166 
 97 
 106 
 80 
 62 
 63 
 56 
 38 
 43 
 45 
 62 
 43 
 63 
 48 
 46 
 53 
 52 
 57 
 64 
 45 
 55 
 69 
 75 
 58 
 73 
 80 
 70 
 77 
 83 
 103 
 105 
 138 
 143 
 151 
 214 
 209 
 213 
 221 
 212 
 165 
 197 
 150 
 151 
 136 
 109 
 114 
 119 
 98 
 125 
 106 
 136 
 127 
 117 
 142 
 136 
 139 
 121 
 108 
 105 
 76 
 61 
 50 
 36 
 30 
 17 
 11 
 7 
 8 
 10 
 9 
 4 
 8 
 4 
 3 
 8 
 8 
 8 
 4 
 7 
 13 
 3 
 2 
 8 
 3 
 2 
 3 
 5 
 0 
 5 
 6 
 1 
 5 
 8 
 14 
 15 
 13 
 13 
 20 
 23 
 28 
 22 
 31 
 17 
 21 
 14 
 7 
 8 
 9 
 11 
 6 
 2 
 6 
 4 
 3 
 1 
 1 
 3 
 4 
 3 
 6 
 4 
 2 
 4 
 4 
 5 
 1 
 9 
 3 
 3 
 4 
 4 
 3 
 5 
 1 
 4 
 6 
 2 
 1 
 4 
 2 
 5 
 2 
 5 
 3 
 2 
 2 
 3 
 8 
 2 
 4 
 2 
 11 
 11 
 13 
 17 
 16 
 20 
 39 
 38 
 58 
 56 
 55 
 77 
 74 
 92 
 86 
 90 
 69 
 71 
 68 
 51 
 44 
 23 
 23 
 25 
 10 
 9 
 10 
 3 
 7 
 4 
 4 
 2 
 2 
 4 
 2 
 4 
 2 
 3 
 0 
 3 
 3 
 4 
 4 
 2 
 1 
 1 
 2 
 2 
 2 
 0 
 3 
 3 
 2 
 1 
 2 
 0 
 4 
 0 
 2 
 0 
 2 
 0 
 1 
 6 
 9 
 4 
 4 
 7 
 5 
 4 
 6 
 5 
 5 
 2 
 3 
 4 
 4 
 4 
 1 
 4 
 3 
 2 
 1 
 4 
 2 
 5 
 1 
 1 
 1 
 1 
 5 
 2 
 2 
 4 
 4 
 5 
 5 
 5 
 3 
 5 
 2 
 3 
 1 
 1 
 3 
 4 
 6 
 9 
 4 
 3 
 2 
 0 
 2 
 1 
 5 
 3 
 1 
 3 
 3 
 9 
 3 
 5 
 2 
 9 
 5 
 7 
 11 
 7 
 3 
 12 
 8 
 13 
 14 
 7 
 9 
 8 
 4 
 6 
 9 
 5 
 10 
 13 
 12 
 14 
 24 
 34 
 49 
 55 
 72 
 72 
 86 
 90 
 79 
 85 
 82 
 92 
 71 
 51 
 53 
 34 
 36 
 31 
 38 
 20 
 12 
 18 
 15 
 11 
 12 
 6 
 2 
 10 
 7 
 6 
 6 
 8 
 4 
 7 
 7 
 4 
 5 
 2 
 9 
 5 
 8 
 5 
 3 
 7 
 3 
 4 
 2 
 4 
 2 
 5 
 2 
 7 
 7 
 1 
 1 
 8 
 0 
 4 
 5 
 3 
 2 
 2 
 1 
 2 
 3 
 3 
 4 
 1 
 1 
 2 
 1 
 1 
 3 
 2 
 3 
 5 
 5 
 8 
 4 
 1 
 4 
 8 
 2 
 1 
 2 
 5 
 3 
 6 
 3 
 4 
 4 
 4 
 4 
 5 
 6 
 2 
 3 
 2 
 3 
 3 
 5 
 5 
 2 
 3 
 9 
 6 
 3 
 5 
 4 
 7 
 6 
 7 
 6 
 5 
 6 
 3 
 4 
 1 
 4 
 7 
 7 
 4 
 6 
 5 
 4 
 8 
 3 
 2 
 6 
 8 
 4 
 7 
 6 
 1 
 4 
 6 
 6 
 1 
 9 
 9 
 5 
 10 
 5 
 8 
 9 
 11 
 7 
 8 
 12 
 11 
 19 
 14 
 23 
 13 
 14 
 7 
 15 
 17 
 10 
 9 
 10 
 8 
 13 
 5 
 6 
 4 
 5 
 8 
 5 
 8 
 6 
 13 
 10 
 10 
 8 
 17 
 13 
 15 
 10 
 11 
 10 
 11 
 11 
 9 
 17 
 10 
 10 
 10 
 7 
 2 
 13 
 12 
 4 
 13 
 7 
 13 
 10 
 4 
 8 
 10 
 15 
 11 
 13 
 10 
 17 
 8 
 12 
 11 
 16 
 14 
 13 
 10 
 9 
 7 
 13 
 15 
 11 
 19 
 9 
 17 
 19 
 20 
 12 
 18 
 16 
 17 
 16 
 9 
 18 
 16 
 21 
 14 
 12 
 15 
 14 
 8 
 10 
 15 
 11 
 16 
 14 
 16 
 17 
 16 
 23 
 15 
 18 
 18 
 21 
 15 
 21 
 19 
 17 
 13 
 17 
 23 
 18 
 18 
 21 
 14 
 19 
 20 
 23 
 29 
 23 
 20 
 22 
 24 
 21 
 21 
 20 
 23 
 19 
 14 
 18 
 29 
 15 
 22 
 22 
 16 
 21 
 20 
 27 
 36 
 21 
 26 
 20 
 22 
 26 
 28 
 28 
 35 
 18 
 24 
 30 
 25 
 32 
 34 
 22 
 39 
 34 
 36 
 21 
 28 
 33 
 30 
 29 
 31 
 31 
 34 
 32 
 32 
 32 
 40 
 22 
 32 
 38 
 38 
 29 
 35 
 37 
 32 
 27 
 34 
 41 
 33 
 42 
 39 
 41 
 33 
 38 
 34 
 43 
 53 
 39 
 31 
 41 
 46 
 47 
 47 
 46 
 40 
 41 
 44 
 34 
 52 
 47 
 29 
 44 
 66 
 50 
 52 
 35 
 43 
 41 
 44 
 49 
 58 
 40 
 34 
 56 
 51 
 60 
 40 
 52 
 45 
 58 
 47 
 57 
 58 
 53 
 68 
 54 
 73 
 53 
 67 
 76 
 64 
 55 
 87 
 54 
 71 
 57 
 74 
 58 
 55 
 66 
 70 
 71 
 65 
 61 
 81 
 80 
 84 
 89 
 74 
 84 
 73 
 79 
 92 
 56 
 87 
 72 
 99 
 99 
 99 
 83 
 91 
 88 
 92 
 103 
 89 
 103 
 96 
 122 
 110 
 100 
 97 
 131 
 106 
 112 
 115 
 145 
 115 
 150 
 125 
 134 
 151 
 142 
 140 
 163 
 160 
 171 
 173 
 194 
 174 
 174 
 204 
 199 
 235 
 220 
 244 
 240 
 260 
 244 
 269 
 276 
 290 
 279 
 287 
 356 
 349 
 333 
 350 
 366 
 384 
 356 
 379 
 366 
 371 
 378 
 409 
 428 
 399 
 364 
 409 
 357 
 340 
 337 
 371 
 328 
 325 
 309 
 313 
 312 
 284 
 263 
 259 
 245 
 227 
 235 
 212 
 204 
 215 
 206 
 199 
 188 
 167 
 188 
 167 
 178 
 170 
 157 
 155 
 165 
 186 
 172 
 157 
 205 
 169 
 201 
 238 
 248 
 269 
 250 
 330 
 327 
 356 
 368 
 395 
 388 
 447 
 462 
 443 
 488 
 494 
 466 
 493 
 456 
 437 
 432 
 430 
 382 
 309 
 284 
 271 
 263 
 234 
 202 
 158 
 166 
 148 
 134 
 131 
 102 
 121 
 132 
 112 
 121 
 112 
 114 
 122 
 136 
 124 
 116 
 124 
 135 
 110 
 129 
 121 
 138 
 128 
 147 
 125 
 119 
 148 
 112 
 138 
 145 
 112 
 122 
 129 
 127 
 139 
 135 
 150 
 135 
 135 
 134 
 143 
 136 
 166 
 129 
 138 
 119 
 147 
 128 
 149 
 149 
 159 
 160 
 159 
 156 
 173 
 157 
 172 
 174 
 165 
 179 
 173 
 199 
 199 
 171 
 191 
 215 
 172 
 193 
 209 
 222 
 211 
 205 
 229 
 223 
 239 
 233 
 231 
 231 
 260 
 265 
 265 
 292 
 241 
 282 
 275 
 280 
 301 
 260 
 285 
 288 
 264 
 238 
 251 
 234 
 266 
 269 
 247 
 263 
 255 
 275 
 226 
 255 
 248 
 248 
 229 
 250 
 251 
 204 
 231 
 247 
 211 
 228 
 216 
 191 
 182 
 197 
 203 
 193 
 193 
 212 
 200 
 172 
 162 
 191 
 215 
 186 
 214 
 185 
 205 
 142 
 181 
 175 
 161 
 172 
 156 
 167 
 181 
 158 
 189 
 194 
 171 
 180 
 180 
 192 
 182 
 192 
 193 
 242 
 224 
 230 
 244 
 247 
 263 
 291 
 282 
 283 
 296 
 273 
 302 
 270 
 260 
 278 
 215 
 232 
 231 
 246 
 217 
 178 
 213 
 188 
 170 
 180 
 171 
 178 
 169 
 160 
 162 
 176 
 173 
 178 
 158 
 180 
 159 
 180 
 176 
 179 
 171 
 179 
 195 
 171 
 171 
 196 
 177 
 191 
 162 
 167 
 208 
 175 
 136 
 148 
 153 
 161 
 172 
 152 
 166 
 177 
 157 
 153 
 147 
 154 
 148 
 180 
 175 
 144 
 144 
 156 
 179 
 157 
 171 
 145 
 178 
 177 
 144 
 167 
 173 
 167 
 188 
 172 
 175 
 165 
 162 
 164 
 137 
 155 
 156 
 165 
 178 
 175 
 154 
 156 
 166 
 147 
 165 
 146 
 174 
 199 
 185 
 173 
 173 
 153 
 160 
 191 
 161 
 175 
 154 
 153 
 176 
 160 
 166 
 173 
 175 
 144 
 189 
 157 
 146 
 155 
 191 
 145 
 155 
 177 
 169 
 156 
 168 
 154 
 173 
 185 
 170 
 194 
 154 
 177 
 172 
 201 
 172 
 154 
 153 
 202 
 171 
 175 
 148 
 168 
 171 
 167 
 157 
 144 
 162 
 165 
 186 
 161 
 194 
 172 
 146 
 163 
 170 
 186 
 188 
 195 
 196 
 157 
 180 
 173 
 169 
 186 
 162 
 190 
 206 
 183 
 191 
 173 
 198 
 181 
 187 
 168 
 177 
 160 
 184 
 199 
 179 
 194 
 180 
 182 
 178 
 175 
 186 
 172 
 160 
 171 
 167 
 174 
 200 
 171 
 159 
 169 
 159 
 156 
 179 
 177 
 166 
 167 
 173 
 156 
 168 
 173 
 166 
 181 
 161 
 159 
 192 
 172 
 175 
 184 
 179 
 170 
 178 
 170 
 159 
 179 
 155 
 177 
 184 
 188 
 186 
 148 
 168 
 165 
 175 
 157 
 188 
 179 
 185 
 146 
 160 
 165 
 169 
 187 
 181 
 141 
 187 
 149 
 158 
 155 
 170 
 179 
 165 
 155 
 167 
 142 
 174 
 153 
 167 
 153 
 159 
 154 
 162 
 182 
 164 
 161 
 168 
 171 
 181 
 148 
 167 
 167 
 153 
 156 
 158 
 172 
 129 
 167 
 140 
 174 
 157 
 150 
 166 
 181 
 154 
 157 
 157 
 149 
 159 
 169 
 172 
 162 
 157 
 152 
 154 
 169 
 143 
 145 
 164 
 156 
 187 
 169 
 150 
 129 
 154 
 159 
 159 
 149 
 158 
 167 
 167 
 133 
 156 
 153 
 158 
 156 
 157 
 154 
 155 
 154 
 171 
 139 
 152 
 134 
 173 
 156 
 149 
 150 
 146 
 164 
 143 
 145 
 153 
 146 
 112 
 142 
 166 
 143 
 153 
 146 
 138 
 148 
 144 
 144 
 151 
 144 
 160 
 163 
 144 
 138 
 117 
 142 
 148 
 141 
 136 
 130 
 132 
 132 
 148 
 162 
 133 
 144 
 172 
 137 
 144 
 160 
 131 
 144 
 160 
 145 
 128 
 147 
 145 
 125 
 136 
 118 
 131 
 125 
 143 
 121 
 130 
 114 
 129 
 126 
 120 
 139 
 148 
 128 
 125 
 138 
 118 
 127 
 149 
 143 
 137 
 112 
 137 
 134 
 137 
 135 
 125 
 125 
 137 
 136 
 125 
 132 
 110 
 144 
 121 
 126 
 133 
 127 
 130 
 121 
 105 
 115 
 136 
 162 
 114 
 129 
 141 
 115 
 126 
 124 
 136 
 129 
 110 
 111 
 106 
 130 
 131 
 120 
 113 
 123 
 117 
 109 
 111 
 103 
 109 
 120 
 110 
 111 
 101 
 111 
 122 
 117 
 116 
 127 
 109 
 115 
 120 
 101 
 101 
 87 
 125 
 108 
 102 
 104 
 118 
 119 
 96 
 89 
 99 
 111 
 112 
 109 
 109 
 98 
 112 
 116 
 108 
 102 
 85 
 99 
 109 
 106 
 104 
 117 
 84 
 95 
 99 
 91 
 110 
 103 
 97 
 87 
 98 
 97 
 86 
 106 
 98 
 100 
 88 
 76 
 88 
 106 
 87 
 101 
 98 
 73 
 83 
 97 
 106 
 82 
 94 
 86 
 88 
 95 
 84 
 86 
 82 
 100 
 87 
 78 
 93 
 86 
 87 
 93 
 88 
 87 
 93 
 76 
 82 
 72 
 86 
 77 
 79 
 76 
 76 
 84 
 73 
 70 
 71 
 71 
 72 
 90 
 64 
 83 
 81 
 74 
<<EndData>>
<<Data>>
*****
Condition 7
Kv : 30
mA : 0.5
Time : 120
Filter : 4
Mask : 2
Rotation : True
Environment : Vacuum
 0 
 0 
 0 
 0 
 0 
 0 
 0 
 0 
 0 
 0 
 0 
 0 
 0 
 0 
 0 
 0 
 0 
 0 
 57 
 88 
 93 
 104 
 92 
 96 
 90 
 81 
 85 
 103 
 87 
 77 
 103 
 126 
 143 
 135 
 128 
 192 
 369 
 744 
 1105 
 1120 
 806 
 333 
 179 
 114 
 81 
 95 
 80 
 134 
 150 
 135 
 140 
 123 
 106 
 86 
 100 
 89 
 90 
 74 
 88 
 75 
 81 
 83 
 76 
 92 
 80 
 96 
 75 
 94 
 99 
 83 
 84 
 72 
 91 
 89 
 77 
 94 
 74 
 81 
 106 
 85 
 77 
 89 
 81 
 110 
 90 
 98 
 78 
 65 
 112 
 80 
 85 
 92 
 94 
 81 
 68 
 76 
 105 
 78 
 108 
 91 
 91 
 106 
 127 
 95 
 67 
 86 
 88 
 81 
 80 
 79 
 79 
 69 
 65 
 82 
 78 
 70 
 79 
 78 
 90 
 92 
 81 
 74 
 88 
 75 
 87 
 94 
 116 
 117 
 112 
 103 
 90 
 130 
 111 
 111 
 113 
 96 
 154 
 153 
 166 
 143 
 143 
 143 
 139 
 153 
 142 
 209 
 352 
 596 
 947 
 1942 
 3785 
 7361 
 14087 
 24347 
 35132 
 43602 
 45310 
 39331 
 29094 
 17675 
 9475 
 4470 
 2460 
 1936 
 2167 
 2690 
 3019 
 2823 
 2336 
 1571 
 952 
 493 
 241 
 130 
 89 
 73 
 84 
 80 
 69 
 68 
 60 
 62 
 65 
 54 
 51 
 48 
 58 
 51 
 62 
 62 
 56 
 55 
 56 
 67 
 60 
 65 
 40 
 55 
 60 
 43 
 60 
 55 
 53 
 52 
 42 
 47 
 59 
 44 
 47 
 52 
 40 
 53 
 39 
 45 
 52 
 45 
 47 
 44 
 48 
 50 
 40 
 57 
 55 
 52 
 47 
 61 
 55 
 47 
 52 
 48 
 44 
 42 
 56 
 45 
 46 
 46 
 56 
 48 
 29 
 51 
 46 
 40 
 52 
 59 
 50 
 57 
 80 
 71 
 83 
 78 
 82 
 71 
 69 
 41 
 56 
 44 
 39 
 39 
 47 
 52 
 43 
 59 
 39 
 53 
 36 
 45 
 52 
 44 
 54 
 49 
 59 
 39 
 47 
 54 
 53 
 50 
 44 
 50 
 38 
 45 
 57 
 45 
 42 
 45 
 53 
 34 
 32 
 59 
 38 
 57 
 50 
 49 
 46 
 56 
 36 
 31 
 47 
 46 
 38 
 54 
 46 
 52 
 38 
 44 
 42 
 53 
 37 
 51 
 44 
 55 
 49 
 48 
 32 
 35 
 24 
 21 
 23 
 5 
 13 
 17 
 15 
 11 
 10 
 8 
 7 
 8 
 12 
 10 
 8 
 8 
 5 
 11 
 7 
 11 
 10 
 14 
 8 
 11 
 16 
 4 
 12 
 6 
 6 
 11 
 9 
 8 
 1 
 7 
 9 
 6 
 6 
 12 
 8 
 9 
 11 
 14 
 12 
 14 
 14 
 9 
 26 
 34 
 38 
 42 
 36 
 30 
 41 
 25 
 28 
 20 
 18 
 24 
 11 
 13 
 14 
 17 
 14 
 14 
 14 
 17 
 16 
 7 
 14 
 20 
 16 
 10 
 20 
 22 
 21 
 17 
 27 
 30 
 31 
 51 
 54 
 65 
 83 
 61 
 87 
 67 
 53 
 44 
 41 
 40 
 36 
 23 
 26 
 30 
 29 
 26 
 30 
 22 
 37 
 36 
 46 
 25 
 46 
 35 
 40 
 44 
 56 
 43 
 63 
 73 
 110 
 131 
 167 
 194 
 248 
 299 
 334 
 286 
 299 
 250 
 208 
 166 
 153 
 120 
 107 
 76 
 87 
 77 
 54 
 64 
 69 
 69 
 76 
 68 
 60 
 87 
 77 
 66 
 53 
 89 
 90 
 105 
 70 
 82 
 109 
 101 
 94 
 106 
 91 
 109 
 115 
 127 
 124 
 121 
 123 
 117 
 137 
 146 
 138 
 166 
 148 
 152 
 141 
 164 
 126 
 148 
 169 
 140 
 144 
 132 
 142 
 158 
 137 
 180 
 168 
 160 
 143 
 175 
 159 
 177 
 182 
 212 
 197 
 188 
 220 
 252 
 250 
 267 
 269 
 309 
 300 
 272 
 278 
 232 
 254 
 245 
 254 
 241 
 242 
 248 
 271 
 288 
 283 
 320 
 307 
 289 
 273 
 334 
 336 
 358 
 357 
 370 
 380 
 389 
 391 
 442 
 416 
 474 
 563 
 645 
 682 
 841 
 950 
 1051 
 1201 
 1283 
 1341 
 1309 
 1299 
 1256 
 1091 
 969 
 789 
 762 
 632 
 554 
 523 
 543 
 480 
 510 
 506 
 521 
 521 
 557 
 525 
 515 
 525 
 504 
 497 
 601 
 538 
 592 
 564 
 602 
 589 
 616 
 639 
 693 
 695 
 728 
 766 
 829 
 885 
 905 
 963 
 989 
 1037 
 1064 
 1040 
 957 
 957 
 886 
 813 
 812 
 775 
 751 
 762 
 754 
 848 
 747 
 852 
 834 
 860 
 824 
 834 
 822 
 773 
 644 
 606 
 513 
 435 
 349 
 270 
 182 
 146 
 101 
 54 
 67 
 39 
 38 
 30 
 37 
 41 
 34 
 35 
 32 
 46 
 36 
 30 
 34 
 36 
 29 
 25 
 26 
 30 
 26 
 21 
 28 
 30 
 27 
 32 
 45 
 46 
 46 
 51 
 51 
 67 
 72 
 77 
 78 
 87 
 86 
 72 
 65 
 50 
 45 
 38 
 42 
 38 
 39 
 35 
 38 
 13 
 19 
 21 
 20 
 25 
 25 
 24 
 17 
 23 
 25 
 24 
 22 
 21 
 16 
 15 
 28 
 27 
 15 
 22 
 17 
 19 
 14 
 17 
 27 
 24 
 24 
 18 
 17 
 23 
 23 
 23 
 22 
 29 
 20 
 22 
 29 
 23 
 21 
 27 
 32 
 35 
 36 
 38 
 51 
 41 
 77 
 86 
 112 
 126 
 149 
 130 
 156 
 178 
 184 
 198 
 164 
 171 
 125 
 120 
 100 
 67 
 76 
 33 
 32 
 35 
 18 
 16 
 15 
 20 
 17 
 19 
 19 
 10 
 21 
 13 
 9 
 13 
 14 
 16 
 8 
 13 
 15 
 9 
 21 
 12 
 14 
 16 
 14 
 12 
 15 
 12 
 16 
 14 
 15 
 17 
 15 
 11 
 8 
 13 
 13 
 8 
 19 
 10 
 13 
 16 
 12 
 16 
 24 
 11 
 14 
 15 
 12 
 18 
 21 
 13 
 9 
 15 
 6 
 6 
 15 
 16 
 19 
 19 
 18 
 20 
 10 
 17 
 21 
 18 
 10 
 20 
 12 
 21 
 13 
 13 
 17 
 13 
 13 
 11 
 13 
 11 
 16 
 18 
 31 
 22 
 17 
 16 
 23 
 14 
 17 
 23 
 14 
 16 
 21 
 28 
 22 
 19 
 18 
 26 
 27 
 26 
 28 
 28 
 33 
 27 
 34 
 36 
 27 
 28 
 40 
 41 
 45 
 41 
 24 
 21 
 29 
 39 
 35 
 36 
 33 
 37 
 62 
 56 
 69 
 84 
 114 
 125 
 150 
 140 
 181 
 192 
 207 
 188 
 189 
 169 
 179 
 179 
 124 
 112 
 97 
 73 
 76 
 57 
 48 
 73 
 67 
 55 
 55 
 58 
 46 
 45 
 55 
 43 
 43 
 46 
 58 
 55 
 50 
 46 
 47 
 57 
 61 
 58 
 61 
 51 
 36 
 48 
 51 
 38 
 54 
 56 
 37 
 40 
 61 
 55 
 61 
 56 
 54 
 68 
 52 
 54 
 64 
 59 
 55 
 52 
 52 
 54 
 54 
 55 
 55 
 51 
 68 
 60 
 60 
 60 
 72 
 65 
 74 
 81 
 54 
 62 
 61 
 67 
 57 
 78 
 82 
 72 
 79 
 67 
 70 
 72 
 79 
 75 
 74 
 78 
 76 
 90 
 87 
 72 
 78 
 77 
 99 
 97 
 98 
 71 
 83 
 84 
 83 
 98 
 95 
 97 
 72 
 83 
 111 
 107 
 65 
 90 
 115 
 92 
 118 
 95 
 91 
 107 
 99 
 96 
 93 
 104 
 99 
 87 
 106 
 112 
 105 
 111 
 97 
 111 
 97 
 125 
 113 
 117 
 117 
 120 
 122 
 120 
 116 
 115 
 127 
 132 
 118 
 132 
 126 
 123 
 133 
 120 
 147 
 138 
 130 
 146 
 159 
 165 
 146 
 143 
 128 
 142 
 133 
 128 
 131 
 130 
 137 
 125 
 142 
 139 
 147 
 132 
 143 
 165 
 132 
 145 
 154 
 148 
 147 
 144 
 135 
 139 
 146 
 158 
 149 
 168 
 154 
 149 
 141 
 153 
 146 
 180 
 155 
 137 
 150 
 169 
 141 
 158 
 160 
 123 
 158 
 176 
 175 
 167 
 198 
 167 
 179 
 161 
 160 
 172 
 179 
 168 
 154 
 165 
 194 
 163 
 157 
 191 
 174 
 190 
 162 
 206 
 179 
 204 
 197 
 197 
 180 
 205 
 190 
 171 
 193 
 176 
 215 
 214 
 176 
 200 
 172 
 212 
 199 
 205 
 226 
 193 
 174 
 205 
 222 
 207 
 202 
 195 
 201 
 197 
 212 
 227 
 239 
 205 
 232 
 231 
 250 
 191 
 240 
 206 
 217 
 207 
 222 
 249 
 228 
 214 
 230 
 247 
 248 
 252 
 239 
 235 
 240 
 233 
 248 
 234 
 248 
 244 
 259 
 246 
 251 
 230 
 239 
 250 
 244 
 243 
 256 
 258 
 308 
 238 
 269 
 250 
 243 
 245 
 273 
 314 
 241 
 242 
 270 
 249 
 245 
 260 
 265 
 280 
 267 
 263 
 252 
 283 
 263 
 278 
 235 
 267 
 266 
 284 
 267 
 293 
 283 
 235 
 276 
 293 
 272 
 315 
 281 
 301 
 297 
 270 
 259 
 297 
 301 
 290 
 277 
 287 
 284 
 313 
 308 
 294 
 330 
 319 
 289 
 299 
 310 
 301 
 318 
 308 
 306 
 299 
 324 
 308 
 297 
 306 
 317 
 286 
 281 
 320 
 312 
 304 
 306 
 327 
 336 
 323 
 329 
 334 
 320 
 319 
 333 
 324 
 341 
 343 
 379 
 349 
 326 
 360 
 349 
 333 
 323 
 349 
 370 
 353 
 353 
 335 
 326 
 367 
 362 
 366 
 380 
 367 
 361 
 374 
 388 
 378 
 384 
 403 
 373 
 411 
 409 
 420 
 397 
 362 
 408 
 332 
 399 
 409 
 385 
 391 
 418 
 398 
 451 
 451 
 432 
 479 
 436 
 433 
 428 
 443 
 415 
 478 
 472 
 466 
 460 
 466 
 486 
 506 
 469 
 493 
 492 
 566 
 546 
 537 
 574 
 569 
 553 
 643 
 635 
 625 
 655 
 631 
 651 
 660 
 696 
 748 
 771 
 748 
 781 
 860 
 826 
 896 
 919 
 954 
 1018 
 997 
 1085 
 1032 
 1098 
 1121 
 1122 
 1115 
 1244 
 1229 
 1206 
 1204 
 1234 
 1214 
 1270 
 1275 
 1233 
 1233 
 1221 
 1236 
 1267 
 1248 
 1149 
 1124 
 1108 
 1052 
 997 
 989 
 962 
 932 
 953 
 866 
 864 
 798 
 791 
 752 
 770 
 757 
 717 
 696 
 660 
 634 
 657 
 605 
 586 
 572 
 617 
 586 
 581 
 583 
 646 
 650 
 608 
 654 
 698 
 801 
 843 
 886 
 960 
 1006 
 1079 
 1089 
 1196 
 1206 
 1325 
 1353 
 1372 
 1440 
 1449 
 1540 
 1563 
 1495 
 1541 
 1397 
 1395 
 1259 
 1118 
 1063 
 978 
 903 
 836 
 754 
 729 
 631 
 575 
 557 
 519 
 490 
 491 
 458 
 402 
 446 
 423 
 426 
 393 
 385 
 439 
 403 
 401 
 433 
 438 
 416 
 456 
 405 
 463 
 450 
 437 
 430 
 404 
 451 
 405 
 472 
 465 
 428 
 437 
 424 
 428 
 465 
 446 
 466 
 443 
 491 
 441 
 454 
 452 
 448 
 475 
 473 
 450 
 467 
 476 
 490 
 481 
 448 
 481 
 457 
 482 
 467 
 474 
 509 
 485 
 497 
 476 
 454 
 521 
 529 
 476 
 535 
 535 
 520 
 552 
 576 
 561 
 512 
 581 
 603 
 581 
 620 
 622 
 585 
 662 
 611 
 658 
 633 
 648 
 639 
 660 
 665 
 638 
 654 
 653 
 719 
 649 
 662 
 620 
 655 
 614 
 612 
 645 
 613 
 658 
 575 
 631 
 634 
 601 
 570 
 572 
 561 
 561 
 536 
 568 
 536 
 519 
 552 
 559 
 520 
 520 
 555 
 510 
 546 
 506 
 493 
 508 
 479 
 462 
 483 
 484 
 469 
 429 
 497 
 433 
 467 
 472 
 453 
 451 
 449 
 437 
 451 
 436 
 424 
 429 
 429 
 435 
 422 
 414 
 452 
 480 
 467 
 456 
 505 
 477 
 466 
 532 
 523 
 571 
 606 
 589 
 645 
 587 
 565 
 661 
 600 
 568 
 559 
 555 
 604 
 490 
 517 
 486 
 445 
 433 
 412 
 398 
 464 
 394 
 358 
 357 
 402 
 333 
 339 
 372 
 381 
 378 
 355 
 398 
 421 
 420 
 404 
 399 
 397 
 395 
 423 
 362 
 382 
 378 
 338 
 352 
 369 
 354 
 359 
 337 
 328 
 342 
 350 
 342 
 348 
 358 
 352 
 324 
 363 
 313 
 345 
 383 
 326 
 336 
 317 
 358 
 345 
 330 
 328 
 339 
 340 
 329 
 319 
 324 
 342 
 322 
 357 
 309 
 319 
 319 
 312 
 352 
 332 
 321 
 295 
 326 
 317 
 340 
 333 
 325 
 325 
 299 
 312 
 305 
 294 
 291 
 304 
 305 
 279 
 318 
 278 
 344 
 299 
 324 
 298 
 300 
 310 
 297 
 330 
 320 
 296 
 305 
 297 
 288 
 306 
 331 
 298 
 294 
 317 
 284 
 280 
 309 
 297 
 265 
 305 
 276 
 252 
 278 
 271 
 270 
 310 
 260 
 281 
 248 
 305 
 253 
 297 
 237 
 275 
 269 
 264 
 285 
 299 
 293 
 273 
 317 
 252 
 269 
 293 
 258 
 280 
 254 
 277 
 260 
 252 
 267 
 269 
 253 
 252 
 255 
 249 
 257 
 241 
 298 
 275 
 243 
 259 
 259 
 239 
 250 
 237 
 231 
 236 
 263 
 236 
 232 
 255 
 245 
 279 
 225 
 242 
 253 
 228 
 230 
 220 
 246 
 232 
 224 
 245 
 226 
 247 
 220 
 208 
 201 
 245 
 229 
 232 
 185 
 223 
 218 
 208 
 220 
 222 
 241 
 204 
 198 
 230 
 228 
 211 
 216 
 213 
 193 
 203 
 200 
 194 
 204 
 202 
 185 
 192 
 187 
 204 
 219 
 212 
 185 
 192 
 204 
 181 
 176 
 193 
 191 
 209 
 190 
 177 
 178 
 164 
 171 
 189 
 176 
 191 
 198 
 157 
 189 
 177 
 173 
 187 
 191 
 152 
 169 
 186 
 163 
 169 
 195 
 181 
 152 
 144 
 148 
 167 
 170 
 180 
 168 
 161 
 154 
 144 
 180 
 159 
 152 
 155 
 155 
 143 
 128 
 146 
 158 
 146 
 149 
 146 
 146 
 149 
 143 
 144 
 131 
 159 
 152 
 119 
 150 
 122 
 118 
 130 
 143 
 132 
 123 
 124 
 133 
 135 
 123 
 116 
 104 
 120 
 126 
 125 
 119 
 116 
 114 
 109 
 97 
 116 
 110 
 123 
 101 
 116 
 135 
 111 
 120 
 115 
 104 
 101 
 116 
 108 
 109 
 96 
 105 
 99 
 101 
 88 
 114 
 93 
 95 
 104 
 83 
 115 
 90 
 88 
 100 
 81 
 85 
 95 
 93 
 95 
 86 
 94 
 89 
 66 
 81 
 75 
 71 
 79 
 85 
 72 
 63 
 78 
 68 
 68 
 77 
 68 
 83 
 71 
 69 
 77 
 72 
 56 
 65 
 53 
 58 
 56 
 58 
 65 
 52 
 56 
 57 
 54 
 58 
 56 
 46 
 58 
 51 
 52 
 52 
 60 
 39 
 51 
 41 
 45 
 53 
 50 
 57 
 34 
 49 
 53 
 38 
 38 
 42 
 31 
 39 
 40 
 31 
 36 
 33 
 34 
 33 
 38 
 44 
 31 
 36 
 33 
 31 
 35 
 29 
 18 
 29 
 17 
 20 
 25 
 30 
 21 
 21 
 23 
 29 
 28 
 24 
 31 
 23 
 23 
 21 
 28 
 16 
 32 
 16 
 18 
 21 
 21 
 28 
 15 
 22 
 23 
 13 
 17 
 24 
 13 
 26 
 16 
 6 
 23 
 11 
 13 
 14 
 18 
 8 
 14 
 8 
 18 
 13 
 13 
 18 
 9 
 10 
 10 
 14 
 7 
 11 
 8 
 12 
 12 
 12 
 13 
 7 
 13 
 9 
 10 
 8 
 3 
 8 
 7 
 10 
 6 
 6 
 12 
 8 
 7 
 7 
 9 
 7 
 11 
 10 
 8 
 7 
 8 
 3 
 9 
 6 
 4 
 6 
 3 
 9 
 3 
 2 
 8 
 2 
 2 
 6 
 5 
 5 
 4 
 3 
 7 
 5 
 3 
 3 
 6 
 3 
 5 
 6 
 2 
 3 
 5 
 0 
 2 
 3 
 3 
 2 
 2 
 3 
 3 
 6 
 2 
 2 
 2 
 3 
 5 
 0 
 4 
 0 
 2 
 0 
<<EndData>>
<<Data>>
*****
Condition 6
Kv : 30
mA : 0.25
Time : 120
Filter : 5
Mask : 2
Rotation : True
Environment : Vacuum
 0 
 0 
 0 
 0 
 0 
 0 
 0 
 0 
 0 
 0 
 0 
 0 
 0 
 0 
 0 
 0 
 0 
 0 
 12 
 14 
 15 
 22 
 17 
 15 
 25 
 20 
 17 
 17 
 17 
 17 
 24 
 22 
 18 
 23 
 19 
 14 
 37 
 57 
 97 
 74 
 54 
 37 
 16 
 22 
 14 
 13 
 12 
 21 
 23 
 13 
 19 
 17 
 12 
 19 
 12 
 12 
 10 
 15 
 14 
 11 
 21 
 15 
 10 
 12 
 12 
 13 
 16 
 14 
 13 
 11 
 13 
 10 
 13 
 11 
 11 
 12 
 12 
 17 
 16 
 16 
 15 
 15 
 23 
 15 
 10 
 19 
 12 
 15 
 11 
 12 
 10 
 9 
 11 
 16 
 14 
 15 
 12 
 8 
 18 
 14 
 20 
 17 
 15 
 15 
 13 
 11 
 17 
 13 
 10 
 8 
 8 
 13 
 9 
 14 
 6 
 6 
 11 
 10 
 12 
 12 
 16 
 12 
 12 
 11 
 11 
 11 
 14 
 16 
 11 
 13 
 17 
 10 
 15 
 11 
 15 
 18 
 15 
 12 
 15 
 14 
 12 
 24 
 10 
 13 
 11 
 25 
 32 
 49 
 55 
 126 
 239 
 460 
 957 
 1575 
 2305 
 2986 
 3162 
 2612 
 2031 
 1272 
 676 
 316 
 176 
 141 
 167 
 187 
 205 
 188 
 160 
 134 
 82 
 43 
 15 
 8 
 7 
 5 
 0 
 9 
 3 
 3 
 0 
 7 
 3 
 6 
 5 
 2 
 2 
 2 
 2 
 3 
 1 
 9 
 4 
 5 
 1 
 1 
 3 
 1 
 2 
 5 
 2 
 0 
 3 
 2 
 4 
 4 
 5 
 1 
 1 
 0 
 3 
 0 
 2 
 4 
 4 
 1 
 2 
 4 
 4 
 2 
 1 
 2 
 4 
 2 
 3 
 2 
 1 
 0 
 3 
 2 
 1 
 2 
 0 
 1 
 0 
 1 
 4 
 1 
 1 
 1 
 4 
 2 
 1 
 2 
 2 
 5 
 3 
 1 
 4 
 3 
 5 
 3 
 3 
 2 
 3 
 3 
 0 
 3 
 0 
 3 
 2 
 3 
 4 
 1 
 0 
 1 
 2 
 1 
 0 
 4 
 3 
 2 
 0 
 0 
 0 
 0 
 2 
 1 
 0 
 1 
 4 
 2 
 2 
 1 
 2 
 1 
 1 
 1 
 1 
 0 
 0 
 0 
 1 
 2 
 0 
 1 
 2 
 0 
 3 
 0 
 2 
 1 
 2 
 1 
 0 
 5 
 0 
 0 
 2 
 1 
 0 
 1 
 2 
 1 
 0 
 0 
 2 
 0 
 0 
 0 
 1 
 0 
 1 
 0 
 1 
 1 
 1 
 1 
 0 
 1 
 2 
 1 
 2 
 0 
 0 
 0 
 2 
 1 
 0 
 0 
 2 
 1 
 0 
 1 
 1 
 2 
 4 
 2 
 3 
 2 
 1 
 1 
 0 
 1 
 1 
 1 
 1 
 0 
 1 
 3 
 5 
 2 
 0 
 7 
 4 
 5 
 3 
 4 
 3 
 6 
 4 
 2 
 0 
 2 
 0 
 0 
 1 
 0 
 2 
 0 
 0 
 4 
 1 
 1 
 1 
 0 
 2 
 2 
 1 
 0 
 1 
 2 
 4 
 1 
 3 
 4 
 3 
 4 
 5 
 6 
 4 
 3 
 2 
 2 
 2 
 0 
 2 
 3 
 1 
 3 
 1 
 0 
 1 
 0 
 2 
 0 
 0 
 1 
 1 
 0 
 4 
 1 
 4 
 4 
 10 
 13 
 13 
 23 
 17 
 29 
 25 
 24 
 20 
 29 
 24 
 15 
 14 
 6 
 6 
 3 
 10 
 1 
 1 
 1 
 3 
 1 
 3 
 1 
 3 
 1 
 1 
 1 
 0 
 2 
 1 
 2 
 3 
 2 
 1 
 3 
 0 
 2 
 7 
 6 
 3 
 5 
 2 
 11 
 2 
 4 
 3 
 5 
 7 
 12 
 6 
 9 
 9 
 6 
 6 
 5 
 8 
 4 
 3 
 7 
 2 
 6 
 2 
 5 
 2 
 5 
 3 
 12 
 6 
 5 
 3 
 12 
 9 
 13 
 16 
 12 
 17 
 15 
 18 
 10 
 23 
 9 
 16 
 13 
 17 
 16 
 17 
 8 
 8 
 11 
 12 
 14 
 16 
 15 
 9 
 21 
 17 
 16 
 17 
 17 
 11 
 9 
 18 
 23 
 18 
 20 
 31 
 35 
 31 
 42 
 33 
 52 
 49 
 51 
 83 
 97 
 111 
 106 
 112 
 82 
 61 
 77 
 70 
 43 
 41 
 57 
 35 
 31 
 31 
 35 
 38 
 39 
 34 
 25 
 38 
 35 
 53 
 31 
 41 
 42 
 54 
 38 
 42 
 46 
 38 
 43 
 50 
 53 
 68 
 62 
 68 
 82 
 88 
 100 
 95 
 111 
 115 
 138 
 84 
 76 
 91 
 93 
 95 
 84 
 82 
 66 
 67 
 67 
 79 
 66 
 85 
 71 
 102 
 87 
 92 
 89 
 77 
 66 
 61 
 41 
 37 
 29 
 31 
 16 
 18 
 6 
 6 
 5 
 1 
 4 
 0 
 2 
 2 
 1 
 4 
 4 
 3 
 4 
 2 
 2 
 1 
 2 
 0 
 2 
 3 
 1 
 1 
 1 
 2 
 2 
 2 
 2 
 4 
 8 
 4 
 7 
 10 
 8 
 7 
 12 
 11 
 8 
 10 
 5 
 6 
 4 
 3 
 2 
 2 
 3 
 1 
 1 
 1 
 0 
 1 
 1 
 1 
 1 
 1 
 1 
 2 
 2 
 1 
 1 
 0 
 1 
 2 
 3 
 2 
 3 
 0 
 1 
 1 
 0 
 0 
 0 
 3 
 1 
 2 
 0 
 1 
 0 
 2 
 1 
 1 
 1 
 2 
 0 
 1 
 3 
 2 
 3 
 4 
 7 
 3 
 11 
 7 
 7 
 19 
 17 
 18 
 32 
 20 
 33 
 31 
 25 
 35 
 23 
 16 
 26 
 15 
 19 
 16 
 8 
 9 
 6 
 2 
 1 
 2 
 1 
 1 
 1 
 2 
 1 
 3 
 0 
 2 
 0 
 1 
 2 
 0 
 0 
 1 
 0 
 0 
 1 
 3 
 2 
 0 
 0 
 1 
 1 
 0 
 0 
 1 
 0 
 0 
 1 
 2 
 1 
 1 
 0 
 1 
 0 
 0 
 2 
 1 
 2 
 1 
 0 
 1 
 0 
 2 
 1 
 1 
 1 
 1 
 1 
 1 
 1 
 0 
 2 
 0 
 1 
 1 
 1 
 3 
 0 
 2 
 3 
 0 
 1 
 2 
 0 
 0 
 3 
 1 
 2 
 1 
 3 
 1 
 1 
 0 
 2 
 1 
 0 
 2 
 1 
 2 
 4 
 3 
 1 
 1 
 1 
 0 
 1 
 1 
 1 
 0 
 0 
 0 
 2 
 0 
 1 
 2 
 0 
 3 
 1 
 4 
 2 
 4 
 4 
 3 
 1 
 5 
 2 
 4 
 4 
 3 
 5 
 4 
 5 
 1 
 2 
 7 
 4 
 8 
 18 
 20 
 21 
 25 
 29 
 25 
 25 
 33 
 32 
 26 
 25 
 26 
 17 
 21 
 7 
 14 
 12 
 6 
 6 
 5 
 6 
 5 
 6 
 3 
 3 
 3 
 3 
 1 
 3 
 2 
 1 
 2 
 2 
 1 
 1 
 2 
 4 
 1 
 1 
 3 
 0 
 3 
 1 
 1 
 2 
 0 
 0 
 1 
 2 
 1 
 0 
 1 
 0 
 2 
 2 
 2 
 0 
 2 
 2 
 4 
 4 
 3 
 3 
 1 
 0 
 3 
 3 
 2 
 9 
 2 
 1 
 2 
 1 
 1 
 2 
 1 
 3 
 2 
 1 
 0 
 4 
 2 
 1 
 0 
 2 
 5 
 1 
 5 
 4 
 0 
 2 
 2 
 1 
 2 
 2 
 0 
 3 
 3 
 3 
 2 
 2 
 1 
 0 
 3 
 2 
 2 
 1 
 4 
 2 
 5 
 3 
 3 
 0 
 2 
 2 
 4 
 2 
 3 
 7 
 2 
 2 
 1 
 3 
 5 
 1 
 9 
 2 
 2 
 5 
 4 
 1 
 5 
 3 
 0 
 2 
 3 
 2 
 7 
 3 
 0 
 2 
 2 
 9 
 6 
 9 
 6 
 5 
 4 
 6 
 13 
 6 
 3 
 7 
 5 
 3 
 6 
 5 
 4 
 3 
 1 
 7 
 2 
 1 
 3 
 7 
 7 
 3 
 4 
 10 
 6 
 5 
 8 
 4 
 5 
 5 
 8 
 8 
 4 
 5 
 6 
 6 
 2 
 9 
 6 
 5 
 7 
 7 
 6 
 9 
 2 
 2 
 5 
 7 
 5 
 5 
 5 
 9 
 7 
 3 
 4 
 7 
 8 
 7 
 4 
 6 
 8 
 5 
 8 
 7 
 10 
 8 
 14 
 9 
 7 
 6 
 7 
 8 
 9 
 9 
 9 
 9 
 8 
 7 
 13 
 6 
 10 
 9 
 4 
 6 
 14 
 7 
 7 
 7 
 12 
 6 
 4 
 10 
 7 
 8 
 12 
 8 
 9 
 13 
 9 
 9 
 12 
 13 
 17 
 13 
 15 
 5 
 15 
 9 
 8 
 10 
 11 
 8 
 16 
 14 
 8 
 12 
 13 
 15 
 16 
 13 
 12 
 13 
 10 
 10 
 13 
 15 
 13 
 13 
 16 
 16 
 11 
 20 
 12 
 20 
 15 
 16 
 11 
 14 
 17 
 15 
 18 
 14 
 16 
 19 
 14 
 18 
 13 
 15 
 15 
 17 
 13 
 17 
 15 
 17 
 20 
 21 
 14 
 19 
 28 
 13 
 17 
 21 
 16 
 17 
 13 
 24 
 21 
 17 
 27 
 23 
 22 
 21 
 21 
 18 
 31 
 22 
 15 
 21 
 27 
 18 
 16 
 17 
 22 
 22 
 25 
 23 
 19 
 21 
 21 
 27 
 22 
 21 
 29 
 20 
 15 
 25 
 26 
 18 
 23 
 24 
 31 
 26 
 26 
 25 
 40 
 28 
 33 
 35 
 22 
 29 
 32 
 25 
 26 
 25 
 35 
 14 
 21 
 30 
 26 
 36 
 26 
 30 
 29 
 36 
 35 
 31 
 36 
 44 
 37 
 30 
 24 
 44 
 35 
 28 
 34 
 26 
 35 
 38 
 41 
 34 
 36 
 30 
 37 
 36 
 34 
 28 
 36 
 40 
 45 
 38 
 37 
 32 
 44 
 45 
 40 
 51 
 31 
 46 
 37 
 51 
 48 
 44 
 48 
 42 
 55 
 50 
 47 
 44 
 61 
 45 
 58 
 56 
 38 
 61 
 71 
 56 
 69 
 44 
 60 
 56 
 65 
 70 
 63 
 91 
 56 
 64 
 74 
 89 
 84 
 93 
 92 
 91 
 109 
 93 
 88 
 92 
 105 
 135 
 109 
 121 
 96 
 116 
 139 
 110 
 137 
 124 
 149 
 155 
 147 
 147 
 144 
 167 
 154 
 151 
 160 
 154 
 167 
 158 
 124 
 155 
 131 
 164 
 127 
 139 
 137 
 135 
 132 
 104 
 115 
 110 
 103 
 107 
 112 
 103 
 86 
 100 
 88 
 95 
 88 
 88 
 87 
 81 
 84 
 72 
 63 
 82 
 84 
 85 
 79 
 70 
 91 
 72 
 97 
 84 
 105 
 99 
 131 
 119 
 136 
 139 
 135 
 138 
 143 
 175 
 177 
 173 
 184 
 184 
 212 
 210 
 197 
 195 
 187 
 186 
 166 
 157 
 119 
 127 
 112 
 106 
 102 
 89 
 86 
 89 
 71 
 62 
 69 
 59 
 63 
 64 
 59 
 68 
 62 
 69 
 59 
 77 
 66 
 73 
 58 
 57 
 52 
 72 
 52 
 68 
 75 
 57 
 69 
 70 
 60 
 68 
 58 
 66 
 67 
 71 
 73 
 70 
 65 
 60 
 81 
 57 
 69 
 60 
 69 
 51 
 75 
 91 
 64 
 68 
 84 
 90 
 66 
 69 
 65 
 53 
 81 
 83 
 88 
 74 
 89 
 93 
 78 
 87 
 88 
 84 
 76 
 107 
 81 
 90 
 78 
 110 
 79 
 71 
 109 
 97 
 116 
 110 
 112 
 93 
 120 
 123 
 130 
 102 
 138 
 122 
 126 
 111 
 117 
 132 
 131 
 119 
 115 
 133 
 140 
 149 
 122 
 111 
 120 
 139 
 121 
 115 
 109 
 111 
 108 
 129 
 108 
 113 
 103 
 102 
 100 
 102 
 109 
 84 
 113 
 98 
 101 
 88 
 100 
 95 
 101 
 99 
 102 
 75 
 93 
 76 
 84 
 102 
 105 
 89 
 104 
 77 
 89 
 83 
 80 
 97 
 86 
 83 
 86 
 79 
 88 
 85 
 81 
 79 
 84 
 112 
 74 
 93 
 79 
 100 
 90 
 91 
 87 
 98 
 92 
 121 
 119 
 141 
 133 
 138 
 110 
 122 
 134 
 147 
 114 
 89 
 114 
 107 
 99 
 95 
 98 
 95 
 79 
 81 
 86 
 79 
 71 
 96 
 72 
 75 
 85 
 78 
 74 
 79 
 76 
 72 
 93 
 83 
 84 
 69 
 80 
 76 
 73 
 64 
 95 
 79 
 82 
 67 
 81 
 67 
 90 
 78 
 73 
 71 
 70 
 79 
 78 
 79 
 86 
 88 
 63 
 77 
 83 
 65 
 72 
 64 
 76 
 86 
 78 
 74 
 71 
 82 
 67 
 64 
 71 
 94 
 66 
 74 
 81 
 75 
 70 
 82 
 68 
 74 
 85 
 57 
 78 
 65 
 67 
 68 
 73 
 62 
 59 
 71 
 67 
 70 
 73 
 77 
 83 
 73 
 86 
 66 
 71 
 76 
 76 
 68 
 94 
 81 
 76 
 65 
 65 
 70 
 66 
 78 
 65 
 90 
 76 
 67 
 74 
 75 
 62 
 61 
 68 
 75 
 65 
 73 
 64 
 75 
 68 
 83 
 69 
 61 
 62 
 68 
 70 
 65 
 60 
 66 
 64 
 56 
 79 
 76 
 79 
 73 
 67 
 80 
 68 
 61 
 68 
 65 
 65 
 84 
 58 
 82 
 51 
 73 
 68 
 61 
 74 
 74 
 62 
 75 
 67 
 72 
 57 
 65 
 65 
 58 
 58 
 67 
 60 
 60 
 61 
 67 
 56 
 53 
 57 
 57 
 81 
 66 
 57 
 80 
 72 
 69 
 60 
 57 
 66 
 51 
 49 
 57 
 73 
 60 
 56 
 66 
 66 
 61 
 72 
 61 
 50 
 50 
 73 
 70 
 59 
 55 
 64 
 52 
 66 
 56 
 46 
 65 
 49 
 55 
 70 
 50 
 65 
 54 
 65 
 59 
 47 
 56 
 48 
 42 
 38 
 54 
 56 
 60 
 39 
 66 
 56 
 51 
 57 
 58 
 52 
 61 
 47 
 56 
 32 
 50 
 50 
 57 
 50 
 52 
 45 
 43 
 43 
 44 
 59 
 50 
 54 
 45 
 45 
 60 
 44 
 46 
 41 
 46 
 46 
 35 
 44 
 36 
 41 
 39 
 49 
 40 
 38 
 45 
 46 
 46 
 41 
 43 
 40 
 45 
 52 
 54 
 37 
 55 
 39 
 43 
 42 
 45 
 57 
 34 
 40 
 40 
 32 
 32 
 41 
 43 
 44 
 34 
 44 
 43 
 41 
 37 
 39 
 39 
 46 
 43 
 44 
 35 
 38 
 37 
 38 
 45 
 47 
 28 
 36 
 38 
 34 
 34 
 30 
 32 
 36 
 32 
 23 
 29 
 34 
 30 
 27 
 23 
 33 
 25 
 25 
 39 
 31 
 33 
 29 
 31 
 26 
 19 
 21 
 30 
 25 
 22 
 34 
 30 
 24 
 23 
 30 
 23 
 23 
 17 
 27 
 27 
 25 
 28 
 18 
 22 
 18 
 19 
 17 
 21 
 23 
 19 
 19 
 20 
 23 
 23 
 25 
 26 
 19 
 19 
 18 
 22 
 15 
 24 
 17 
 21 
 16 
 27 
 18 
 11 
 13 
 10 
 14 
 14 
 9 
 17 
 15 
 14 
 11 
 15 
 12 
 19 
 13 
 15 
 14 
 15 
 18 
 13 
 12 
 18 
 4 
 12 
 5 
 15 
 11 
 12 
 11 
 13 
 7 
 6 
 15 
 8 
 9 
 12 
 10 
 11 
 7 
 8 
 4 
 15 
 10 
 9 
 9 
 10 
 8 
 3 
 9 
 4 
 6 
 5 
 3 
 6 
 9 
 8 
 6 
 5 
 7 
 2 
 6 
 4 
 3 
 7 
 11 
 5 
 9 
 2 
 5 
 4 
 7 
 5 
 2 
 3 
 6 
 2 
 5 
 4 
 2 
 3 
 2 
 3 
 4 
 3 
 8 
 4 
 3 
 2 
 6 
 2 
 2 
 5 
 4 
 3 
 0 
 4 
 1 
 1 
 5 
 1 
 0 
 1 
 3 
 3 
 3 
 2 
 3 
 2 
 3 
 5 
 3 
 1 
 1 
 2 
 6 
 3 
 3 
 0 
 1 
 2 
 5 
 2 
 1 
 2 
 1 
 2 
 1 
 0 
 0 
 2 
 1 
 2 
 1 
 0 
 3 
 1 
 1 
 0 
 0 
 0 
 0 
 3 
 0 
 2 
 1 
 0 
 0 
 0 
 0 
 3 
 1 
 0 
 2 
 0 
 0 
 2 
 0 
 0 
 0 
 0 
 1 
 1 
 0 
 0 
<<EndData>>
<<Data>>
*****
Condition 5
Kv : 20
mA : 0.4
Time : 120
Filter : 3
Mask : 2
Rotation : True
Environment : Vacuum
 0 
 0 
 0 
 0 
 0 
 0 
 0 
 0 
 0 
 0 
 0 
 0 
 0 
 0 
 0 
 0 
 0 
 0 
 2 
 4 
 8 
 5 
 2 
 3 
 9 
 5 
 1 
 5 
 2 
 3 
 5 
 6 
 4 
 9 
 5 
 9 
 20 
 33 
 78 
 61 
 44 
 26 
 13 
 1 
 2 
 5 
 4 
 10 
 8 
 10 
 9 
 8 
 10 
 4 
 10 
 7 
 4 
 6 
 2 
 3 
 3 
 2 
 3 
 10 
 2 
 1 
 1 
 5 
 4 
 4 
 2 
 2 
 4 
 4 
 7 
 6 
 1 
 1 
 1 
 5 
 1 
 1 
 4 
 4 
 4 
 2 
 0 
 1 
 2 
 4 
 6 
 4 
 1 
 3 
 4 
 4 
 0 
 4 
 4 
 7 
 6 
 5 
 4 
 1 
 0 
 5 
 2 
 3 
 1 
 1 
 4 
 1 
 1 
 3 
 3 
 2 
 4 
 2 
 5 
 7 
 4 
 2 
 3 
 5 
 1 
 7 
 5 
 6 
 8 
 3 
 9 
 9 
 7 
 9 
 5 
 7 
 10 
 10 
 7 
 10 
 12 
 7 
 9 
 8 
 10 
 8 
 16 
 36 
 70 
 99 
 196 
 433 
 823 
 1332 
 2049 
 2479 
 2640 
 2315 
 1756 
 1086 
 603 
 262 
 147 
 114 
 133 
 150 
 172 
 147 
 146 
 94 
 53 
 34 
 17 
 6 
 5 
 1 
 2 
 1 
 0 
 0 
 0 
 1 
 0 
 0 
 2 
 1 
 1 
 2 
 0 
 0 
 1 
 0 
 1 
 1 
 0 
 2 
 1 
 1 
 0 
 0 
 0 
 1 
 1 
 1 
 1 
 0 
 0 
 0 
 2 
 0 
 1 
 4 
 1 
 0 
 0 
 1 
 1 
 0 
 0 
 1 
 1 
 1 
 3 
 0 
 1 
 2 
 0 
 1 
 0 
 1 
 0 
 0 
 1 
 1 
 0 
 1 
 0 
 0 
 1 
 1 
 1 
 0 
 1 
 0 
 3 
 1 
 1 
 2 
 2 
 5 
 0 
 2 
 2 
 1 
 3 
 0 
 0 
 0 
 0 
 2 
 0 
 0 
 0 
 0 
 1 
 0 
 1 
 0 
 2 
 1 
 1 
 0 
 0 
 0 
 2 
 0 
 1 
 1 
 1 
 2 
 0 
 0 
 1 
 2 
 1 
 0 
 0 
 2 
 0 
 2 
 2 
 1 
 1 
 0 
 0 
 0 
 1 
 1 
 0 
 0 
 3 
 0 
 1 
 0 
 0 
 0 
 0 
 0 
 0 
 1 
 0 
 0 
 0 
 2 
 1 
 1 
 0 
 1 
 3 
 2 
 1 
 0 
 0 
 0 
 1 
 1 
 0 
 0 
 1 
 0 
 0 
 0 
 1 
 1 
 0 
 0 
 0 
 1 
 2 
 1 
 0 
 1 
 0 
 0 
 0 
 1 
 0 
 0 
 2 
 1 
 0 
 0 
 1 
 0 
 2 
 1 
 1 
 1 
 2 
 0 
 1 
 4 
 2 
 3 
 1 
 0 
 3 
 2 
 1 
 2 
 1 
 1 
 0 
 0 
 1 
 1 
 1 
 1 
 0 
 1 
 0 
 0 
 1 
 0 
 0 
 0 
 1 
 0 
 1 
 1 
 0 
 1 
 3 
 3 
 5 
 3 
 1 
 0 
 4 
 1 
 0 
 1 
 2 
 3 
 2 
 2 
 1 
 0 
 0 
 1 
 3 
 3 
 1 
 0 
 1 
 1 
 0 
 3 
 1 
 1 
 0 
 2 
 2 
 2 
 5 
 11 
 11 
 12 
 15 
 32 
 24 
 19 
 24 
 12 
 20 
 6 
 11 
 1 
 2 
 1 
 2 
 2 
 1 
 0 
 1 
 0 
 0 
 1 
 2 
 0 
 2 
 0 
 0 
 3 
 0 
 0 
 1 
 0 
 1 
 1 
 0 
 2 
 0 
 1 
 1 
 2 
 5 
 2 
 3 
 8 
 3 
 2 
 2 
 8 
 3 
 3 
 3 
 3 
 7 
 3 
 0 
 0 
 2 
 1 
 0 
 2 
 0 
 0 
 0 
 1 
 3 
 0 
 1 
 0 
 0 
 7 
 5 
 4 
 7 
 7 
 13 
 11 
 6 
 10 
 4 
 4 
 5 
 5 
 2 
 6 
 0 
 1 
 2 
 2 
 1 
 2 
 0 
 2 
 0 
 0 
 0 
 0 
 0 
 1 
 1 
 1 
 0 
 0 
 2 
 0 
 0 
 2 
 3 
 6 
 7 
 5 
 13 
 9 
 2 
 8 
 15 
 10 
 11 
 11 
 4 
 5 
 6 
 3 
 4 
 1 
 2 
 4 
 2 
 1 
 2 
 6 
 3 
 3 
 1 
 0 
 3 
 2 
 2 
 1 
 0 
 1 
 5 
 1 
 4 
 3 
 6 
 13 
 15 
 24 
 30 
 44 
 52 
 72 
 87 
 71 
 91 
 100 
 91 
 59 
 70 
 51 
 38 
 29 
 26 
 10 
 6 
 2 
 4 
 4 
 2 
 1 
 3 
 1 
 1 
 5 
 5 
 5 
 1 
 2 
 2 
 6 
 0 
 3 
 6 
 1 
 2 
 2 
 1 
 5 
 1 
 3 
 1 
 5 
 1 
 3 
 4 
 4 
 2 
 1 
 2 
 2 
 2 
 0 
 4 
 3 
 2 
 3 
 4 
 0 
 5 
 2 
 9 
 5 
 9 
 9 
 12 
 16 
 14 
 19 
 20 
 18 
 15 
 8 
 11 
 6 
 7 
 6 
 8 
 2 
 3 
 4 
 1 
 4 
 7 
 2 
 3 
 2 
 7 
 2 
 3 
 6 
 4 
 8 
 5 
 1 
 2 
 3 
 10 
 9 
 7 
 6 
 7 
 9 
 6 
 4 
 3 
 4 
 3 
 6 
 3 
 6 
 3 
 11 
 11 
 6 
 7 
 4 
 8 
 12 
 9 
 8 
 10 
 10 
 16 
 24 
 21 
 21 
 30 
 23 
 40 
 38 
 48 
 44 
 50 
 36 
 61 
 46 
 38 
 33 
 27 
 31 
 18 
 20 
 21 
 22 
 17 
 15 
 20 
 14 
 11 
 14 
 8 
 16 
 17 
 14 
 5 
 17 
 8 
 15 
 13 
 15 
 9 
 7 
 20 
 21 
 21 
 16 
 10 
 19 
 11 
 14 
 19 
 23 
 15 
 17 
 12 
 18 
 12 
 19 
 14 
 20 
 19 
 15 
 15 
 25 
 19 
 26 
 17 
 25 
 25 
 17 
 20 
 10 
 26 
 17 
 24 
 24 
 23 
 24 
 23 
 20 
 27 
 25 
 28 
 22 
 33 
 30 
 29 
 35 
 36 
 26 
 30 
 36 
 29 
 43 
 35 
 27 
 37 
 33 
 32 
 40 
 38 
 25 
 31 
 28 
 34 
 45 
 42 
 35 
 37 
 40 
 39 
 40 
 37 
 37 
 33 
 42 
 41 
 49 
 46 
 26 
 48 
 39 
 44 
 45 
 50 
 44 
 59 
 44 
 38 
 37 
 38 
 35 
 37 
 37 
 48 
 56 
 39 
 47 
 47 
 49 
 52 
 47 
 60 
 61 
 50 
 61 
 67 
 67 
 66 
 85 
 72 
 65 
 77 
 82 
 85 
 80 
 80 
 76 
 56 
 83 
 69 
 76 
 63 
 59 
 70 
 61 
 58 
 64 
 61 
 63 
 67 
 66 
 55 
 59 
 73 
 77 
 65 
 71 
 81 
 88 
 86 
 76 
 57 
 68 
 67 
 74 
 96 
 76 
 63 
 71 
 87 
 79 
 76 
 78 
 69 
 77 
 65 
 85 
 72 
 78 
 82 
 92 
 95 
 78 
 93 
 81 
 95 
 93 
 84 
 73 
 83 
 81 
 86 
 84 
 76 
 92 
 82 
 84 
 89 
 90 
 74 
 96 
 96 
 87 
 101 
 84 
 91 
 82 
 95 
 80 
 92 
 94 
 114 
 88 
 93 
 110 
 114 
 103 
 106 
 99 
 95 
 118 
 108 
 90 
 82 
 89 
 109 
 112 
 101 
 103 
 93 
 103 
 108 
 81 
 117 
 115 
 90 
 87 
 98 
 114 
 102 
 129 
 96 
 103 
 108 
 114 
 90 
 128 
 92 
 83 
 132 
 125 
 125 
 95 
 117 
 111 
 116 
 139 
 98 
 110 
 100 
 118 
 110 
 114 
 115 
 108 
 102 
 104 
 106 
 110 
 130 
 89 
 117 
 107 
 125 
 101 
 118 
 109 
 109 
 99 
 125 
 119 
 127 
 101 
 114 
 119 
 99 
 107 
 111 
 111 
 114 
 105 
 100 
 96 
 114 
 124 
 114 
 106 
 109 
 109 
 111 
 104 
 106 
 127 
 135 
 121 
 106 
 104 
 112 
 109 
 122 
 104 
 101 
 116 
 108 
 133 
 108 
 112 
 131 
 116 
 103 
 114 
 121 
 119 
 113 
 118 
 123 
 113 
 104 
 116 
 132 
 133 
 123 
 144 
 110 
 128 
 125 
 122 
 117 
 99 
 115 
 125 
 117 
 125 
 108 
 116 
 100 
 120 
 124 
 134 
 111 
 112 
 140 
 136 
 103 
 110 
 132 
 101 
 108 
 118 
 105 
 125 
 115 
 99 
 131 
 101 
 108 
 110 
 121 
 105 
 101 
 121 
 108 
 118 
 107 
 133 
 122 
 123 
 124 
 108 
 115 
 101 
 105 
 99 
 106 
 121 
 125 
 96 
 114 
 114 
 116 
 116 
 109 
 120 
 125 
 118 
 124 
 103 
 117 
 107 
 119 
 135 
 92 
 121 
 124 
 122 
 114 
 120 
 106 
 98 
 117 
 122 
 111 
 108 
 107 
 106 
 106 
 107 
 119 
 98 
 94 
 99 
 116 
 91 
 100 
 91 
 103 
 93 
 107 
 116 
 97 
 95 
 96 
 114 
 105 
 89 
 94 
 99 
 86 
 105 
 97 
 101 
 103 
 104 
 86 
 100 
 101 
 99 
 90 
 84 
 93 
 78 
 94 
 112 
 98 
 98 
 100 
 87 
 92 
 109 
 86 
 79 
 97 
 92 
 93 
 90 
 79 
 73 
 98 
 93 
 100 
 94 
 98 
 93 
 75 
 81 
 71 
 80 
 82 
 86 
 69 
 93 
 76 
 80 
 83 
 79 
 80 
 82 
 82 
 72 
 73 
 68 
 73 
 62 
 79 
 75 
 69 
 76 
 63 
 80 
 78 
 56 
 78 
 74 
 68 
 66 
 64 
 60 
 64 
 79 
 64 
 56 
 54 
 65 
 65 
 61 
 60 
 52 
 58 
 64 
 46 
 53 
 57 
 60 
 48 
 52 
 55 
 61 
 52 
 51 
 52 
 57 
 41 
 52 
 46 
 59 
 39 
 43 
 49 
 50 
 50 
 45 
 47 
 34 
 47 
 49 
 47 
 39 
 32 
 37 
 30 
 50 
 47 
 37 
 34 
 39 
 39 
 33 
 31 
 35 
 29 
 33 
 28 
 36 
 34 
 28 
 22 
 25 
 22 
 26 
 31 
 29 
 28 
 20 
 31 
 24 
 25 
 17 
 22 
 21 
 16 
 24 
 20 
 12 
 24 
 25 
 16 
 13 
 13 
 13 
 13 
 13 
 9 
 11 
 7 
 13 
 11 
 13 
 8 
 11 
 6 
 11 
 12 
 12 
 14 
 11 
 5 
 8 
 6 
 8 
 5 
 6 
 6 
 3 
 6 
 6 
 4 
 7 
 3 
 6 
 10 
 4 
 8 
 3 
 5 
 6 
 6 
 3 
 0 
 3 
 5 
 1 
 2 
 2 
 3 
 0 
 0 
 2 
 4 
 1 
 0 
 1 
 0 
 0 
 1 
 1 
 0 
 0 
 0 
 1 
 0 
 0 
 0 
 0 
 0 
 0 
 0 
 0 
 0 
 0 
 1 
 0 
 0 
 0 
 0 
 0 
 0 
 0 
 0 
 0 
 1 
 1 
 0 
 0 
 0 
 0 
 0 
 0 
 0 
 0 
 0 
 0 
 1 
 0 
 0 
 0 
 0 
 0 
 0 
 0 
 0 
 0 
 1 
 0 
 0 
 0 
 0 
 0 
 0 
 0 
 0 
 0 
 0 
 0 
 0 
 0 
 0 
 0 
 0 
 0 
 0 
 0 
 0 
 0 
 0 
 0 
 0 
 1 
 0 
 0 
 0 
 0 
 0 
 0 
 0 
 0 
 0 
 0 
 0 
 0 
 0 
 0 
 0 
 0 
 0 
 0 
 0 
 0 
 0 
 0 
 0 
 0 
 0 
 0 
 0 
 0 
 0 
 0 
 0 
 0 
 0 
 0 
 0 
 0 
 0 
 0 
 0 
 0 
 0 
 0 
 0 
 0 
 0 
 0 
 0 
 0 
 0 
 0 
 0 
 0 
 0 
 0 
 0 
 0 
 0 
 0 
 0 
 0 
 0 
 0 
 0 
 0 
 0 
 0 
 0 
 0 
 0 
 0 
 0 
 0 
 0 
 0 
 0 
 0 
 0 
 0 
 0 
 0 
 0 
 0 
 0 
 0 
 0 
 0 
 0 
 0 
 0 
 0 
 0 
 0 
 0 
 0 
 0 
 0 
 0 
 0 
 0 
 0 
 0 
 0 
 0 
 0 
 0 
 0 
 0 
 0 
 0 
 0 
 0 
 0 
 0 
 0 
 0 
 0 
 0 
 0 
 0 
 0 
 0 
 0 
 0 
 0 
 0 
 0 
 0 
 0 
 0 
 0 
 0 
 0 
 0 
 0 
 0 
 0 
 0 
 0 
 0 
 0 
 0 
 0 
 0 
 0 
 0 
 0 
 0 
 0 
 0 
 0 
 0 
 0 
 0 
 0 
 0 
 0 
 0 
 0 
 0 
 0 
 0 
 0 
 0 
 0 
 0 
 0 
 0 
 0 
 0 
 0 
 0 
 0 
 0 
 0 
 0 
 0 
 0 
 0 
 0 
 0 
 0 
 0 
 0 
 0 
 0 
 0 
 0 
 0 
 0 
 0 
 0 
 0 
 0 
 0 
 0 
 0 
 0 
 0 
 0 
 0 
 0 
 0 
 0 
 0 
 0 
 0 
 0 
 0 
 0 
 0 
 0 
 0 
 0 
 0 
 0 
 0 
 0 
 0 
 0 
 0 
 0 
 0 
 0 
 0 
 0 
 0 
 0 
 0 
 0 
 0 
 0 
 0 
 0 
 0 
 0 
 0 
 0 
 0 
 0 
 0 
 0 
 0 
 0 
 0 
 0 
 0 
 0 
 0 
 0 
 0 
 0 
 0 
 0 
 0 
 0 
 0 
 0 
 0 
 0 
 0 
 0 
 0 
 0 
 0 
 0 
 0 
 0 
 0 
 0 
 0 
 0 
 0 
 0 
 0 
 0 
 0 
 0 
 0 
 0 
 0 
 0 
 0 
 0 
 0 
 0 
 0 
 0 
 0 
 0 
 0 
 0 
 0 
 0 
 0 
 0 
 0 
 0 
 0 
 0 
 0 
 0 
 0 
 0 
 0 
 0 
 0 
 0 
 0 
 0 
 0 
 0 
 0 
 0 
 0 
 0 
 0 
 0 
 0 
 0 
 0 
 0 
 0 
 0 
 0 
 0 
 0 
 0 
 0 
 0 
 0 
 0 
 0 
 0 
 0 
 0 
 0 
 0 
 0 
 0 
 0 
 0 
 0 
 0 
 0 
 0 
 0 
 0 
 0 
 0 
 0 
 0 
 0 
 0 
 0 
 0 
 0 
 0 
 0 
 0 
 0 
 0 
 0 
 0 
 0 
 0 
 0 
 0 
 0 
 0 
 0 
 0 
 0 
 0 
 0 
 0 
 0 
 0 
 0 
 0 
 0 
 0 
 0 
 0 
 0 
 0 
 0 
 0 
 0 
 0 
 0 
 0 
 0 
 0 
 0 
 0 
 0 
 0 
 0 
 0 
 0 
 0 
 0 
 0 
 0 
 0 
 0 
 0 
 0 
 0 
 0 
 0 
 0 
 0 
 0 
 0 
 0 
 0 
 0 
 0 
 0 
 0 
 0 
 0 
 0 
 0 
 0 
 0 
 0 
 0 
 0 
 0 
 0 
 0 
 0 
 0 
 0 
 0 
 0 
 0 
 0 
 0 
 0 
 0 
 0 
 0 
 0 
 0 
 0 
 0 
 0 
 0 
 0 
 0 
 0 
 0 
 0 
 0 
 0 
 0 
 0 
 0 
 0 
 0 
 0 
 0 
 0 
 0 
 0 
 0 
 0 
 0 
 0 
 0 
 0 
 0 
 1 
 0 
 0 
 0 
 0 
 0 
 0 
 0 
 0 
 0 
 0 
 0 
 0 
 0 
 0 
 0 
 0 
 0 
 0 
 0 
 0 
 0 
 0 
 0 
 0 
 0 
 0 
 0 
 0 
 0 
 0 
 0 
 0 
 0 
 0 
 0 
 0 
 0 
 0 
 0 
 0 
 0 
 0 
 0 
 0 
 0 
 0 
 0 
 0 
 0 
 0 
 0 
 0 
 0 
 0 
 0 
 0 
 0 
 0 
 0 
 0 
 0 
 0 
 0 
 0 
 0 
 0 
 0 
 0 
 0 
 0 
 0 
 0 
 0 
 0 
 0 
 0 
 0 
 0 
 0 
 0 
 0 
 0 
 0 
 0 
 0 
 0 
 0 
 0 
 0 
 0 
 0 
 0 
 0 
 0 
 0 
 0 
 0 
 0 
 0 
 0 
 0 
 0 
 0 
 0 
 1 
 0 
 0 
 0 
 0 
 0 
 0 
 0 
 0 
 0 
 0 
 0 
 0 
 0 
 0 
 0 
 0 
 0 
 0 
 0 
 0 
 0 
 0 
 0 
 0 
 0 
 0 
 0 
 0 
 0 
 0 
 0 
 0 
 0 
<<EndData>>
<<Data>>
*****
Condition 4
Kv : 20
mA : 0.3
Time : 120
Filter : 4
Mask : 2
Rotation : True
Environment : Vacuum
 0 
 0 
 0 
 0 
 0 
 0 
 0 
 0 
 0 
 0 
 0 
 0 
 0 
 0 
 0 
 0 
 0 
 0 
 4 
 4 
 5 
 6 
 6 
 5 
 3 
 6 
 12 
 5 
 5 
 4 
 8 
 11 
 16 
 22 
 12 
 36 
 84 
 199 
 351 
 351 
 262 
 107 
 50 
 17 
 8 
 11 
 25 
 19 
 24 
 32 
 33 
 24 
 15 
 13 
 15 
 6 
 16 
 9 
 6 
 9 
 10 
 11 
 11 
 10 
 15 
 10 
 11 
 5 
 17 
 17 
 11 
 11 
 8 
 9 
 11 
 9 
 10 
 14 
 9 
 6 
 9 
 5 
 9 
 8 
 7 
 16 
 2 
 16 
 9 
 12 
 13 
 6 
 8 
 10 
 9 
 14 
 10 
 18 
 13 
 20 
 14 
 22 
 18 
 16 
 8 
 7 
 19 
 10 
 5 
 8 
 10 
 9 
 10 
 13 
 9 
 14 
 8 
 27 
 18 
 12 
 16 
 15 
 12 
 17 
 15 
 14 
 25 
 26 
 22 
 20 
 27 
 23 
 26 
 24 
 30 
 35 
 28 
 40 
 43 
 24 
 39 
 36 
 31 
 36 
 49 
 62 
 96 
 181 
 294 
 573 
 1148 
 2259 
 4178 
 7253 
 10621 
 13356 
 14029 
 12542 
 9255 
 5735 
 3055 
 1373 
 730 
 600 
 678 
 837 
 880 
 871 
 695 
 464 
 286 
 140 
 73 
 24 
 26 
 5 
 4 
 8 
 5 
 7 
 5 
 5 
 3 
 4 
 1 
 4 
 4 
 10 
 3 
 1 
 7 
 4 
 4 
 6 
 4 
 5 
 2 
 8 
 4 
 4 
 5 
 4 
 5 
 8 
 3 
 7 
 5 
 4 
 3 
 2 
 4 
 6 
 4 
 6 
 6 
 4 
 5 
 3 
 1 
 1 
 5 
 2 
 6 
 6 
 3 
 5 
 4 
 2 
 4 
 4 
 4 
 3 
 2 
 3 
 3 
 2 
 8 
 3 
 3 
 2 
 5 
 5 
 7 
 6 
 3 
 10 
 7 
 16 
 15 
 11 
 16 
 21 
 12 
 8 
 3 
 4 
 2 
 4 
 1 
 7 
 1 
 2 
 4 
 3 
 4 
 4 
 8 
 4 
 5 
 7 
 6 
 3 
 3 
 4 
 5 
 3 
 5 
 3 
 3 
 7 
 6 
 6 
 3 
 3 
 3 
 5 
 6 
 9 
 3 
 2 
 4 
 3 
 2 
 5 
 2 
 5 
 3 
 3 
 2 
 3 
 4 
 4 
 8 
 5 
 6 
 7 
 6 
 3 
 7 
 6 
 4 
 4 
 0 
 2 
 3 
 4 
 3 
 1 
 0 
 1 
 0 
 2 
 0 
 0 
 1 
 2 
 0 
 1 
 1 
 0 
 2 
 2 
 1 
 3 
 1 
 2 
 1 
 1 
 2 
 1 
 1 
 5 
 4 
 1 
 1 
 2 
 2 
 3 
 1 
 0 
 2 
 0 
 0 
 0 
 1 
 2 
 1 
 6 
 4 
 7 
 2 
 5 
 4 
 2 
 8 
 7 
 8 
 2 
 3 
 2 
 3 
 6 
 1 
 7 
 5 
 5 
 5 
 5 
 3 
 1 
 6 
 4 
 7 
 5 
 9 
 5 
 4 
 7 
 6 
 6 
 8 
 10 
 11 
 7 
 8 
 20 
 25 
 18 
 19 
 17 
 14 
 14 
 9 
 11 
 7 
 13 
 13 
 16 
 11 
 11 
 6 
 11 
 12 
 10 
 7 
 18 
 14 
 10 
 16 
 16 
 22 
 17 
 20 
 27 
 25 
 37 
 49 
 56 
 59 
 70 
 75 
 70 
 53 
 55 
 53 
 45 
 31 
 34 
 29 
 19 
 24 
 26 
 29 
 27 
 23 
 34 
 33 
 22 
 23 
 22 
 33 
 34 
 18 
 41 
 39 
 40 
 35 
 32 
 31 
 28 
 30 
 36 
 36 
 43 
 35 
 43 
 50 
 49 
 38 
 41 
 50 
 43 
 49 
 60 
 59 
 48 
 51 
 53 
 58 
 55 
 55 
 42 
 52 
 53 
 46 
 42 
 56 
 53 
 43 
 68 
 51 
 83 
 65 
 68 
 76 
 68 
 70 
 75 
 72 
 82 
 86 
 88 
 102 
 90 
 92 
 93 
 113 
 77 
 87 
 94 
 82 
 89 
 92 
 103 
 82 
 99 
 92 
 88 
 103 
 112 
 109 
 122 
 128 
 126 
 130 
 122 
 126 
 138 
 136 
 145 
 126 
 156 
 186 
 185 
 193 
 225 
 221 
 286 
 295 
 312 
 328 
 336 
 315 
 280 
 247 
 280 
 226 
 211 
 186 
 177 
 156 
 173 
 205 
 172 
 192 
 172 
 170 
 177 
 184 
 165 
 202 
 181 
 199 
 214 
 211 
 208 
 191 
 179 
 193 
 227 
 194 
 244 
 213 
 231 
 231 
 241 
 233 
 233 
 242 
 276 
 226 
 264 
 252 
 264 
 238 
 237 
 269 
 254 
 271 
 244 
 243 
 232 
 266 
 239 
 269 
 252 
 260 
 238 
 251 
 240 
 205 
 195 
 163 
 155 
 133 
 106 
 69 
 50 
 35 
 20 
 22 
 6 
 2 
 5 
 6 
 3 
 1 
 5 
 5 
 3 
 2 
 1 
 2 
 1 
 2 
 4 
 2 
 2 
 2 
 3 
 2 
 0 
 1 
 4 
 4 
 1 
 3 
 4 
 4 
 4 
 8 
 3 
 5 
 2 
 7 
 5 
 4 
 2 
 2 
 1 
 4 
 5 
 1 
 2 
 1 
 2 
 1 
 2 
 0 
 2 
 1 
 3 
 3 
 3 
 2 
 3 
 2 
 1 
 0 
 0 
 0 
 3 
 1 
 1 
 1 
 0 
 3 
 0 
 0 
 2 
 3 
 2 
 1 
 2 
 1 
 0 
 1 
 4 
 3 
 3 
 2 
 1 
 3 
 0 
 0 
 2 
 1 
 3 
 3 
 3 
 7 
 7 
 4 
 7 
 8 
 7 
 7 
 5 
 7 
 10 
 13 
 7 
 7 
 16 
 6 
 5 
 6 
 3 
 2 
 1 
 1 
 0 
 2 
 1 
 0 
 4 
 1 
 0 
 1 
 1 
 2 
 1 
 2 
 5 
 3 
 3 
 0 
 3 
 1 
 1 
 4 
 0 
 1 
 3 
 3 
 1 
 1 
 1 
 1 
 2 
 2 
 3 
 2 
 6 
 2 
 2 
 5 
 1 
 3 
 2 
 1 
 1 
 4 
 4 
 3 
 1 
 4 
 3 
 3 
 1 
 2 
 0 
 2 
 1 
 4 
 1 
 1 
 1 
 4 
 5 
 4 
 3 
 2 
 1 
 4 
 4 
 3 
 2 
 1 
 2 
 2 
 4 
 5 
 4 
 0 
 4 
 2 
 5 
 3 
 1 
 3 
 5 
 6 
 6 
 6 
 7 
 3 
 3 
 8 
 4 
 3 
 3 
 1 
 5 
 9 
 3 
 2 
 6 
 2 
 4 
 6 
 7 
 8 
 3 
 5 
 3 
 7 
 2 
 7 
 6 
 2 
 7 
 6 
 7 
 10 
 6 
 5 
 9 
 5 
 6 
 12 
 3 
 8 
 14 
 12 
 8 
 9 
 19 
 11 
 13 
 11 
 12 
 14 
 5 
 10 
 11 
 16 
 12 
 11 
 9 
 10 
 11 
 8 
 9 
 7 
 15 
 6 
 12 
 4 
 8 
 12 
 14 
 10 
 15 
 9 
 6 
 8 
 13 
 13 
 18 
 13 
 14 
 15 
 13 
 9 
 10 
 23 
 14 
 17 
 12 
 6 
 17 
 14 
 16 
 13 
 16 
 12 
 13 
 15 
 13 
 13 
 14 
 21 
 11 
 16 
 13 
 19 
 15 
 15 
 20 
 16 
 15 
 11 
 20 
 19 
 16 
 13 
 18 
 14 
 20 
 17 
 22 
 21 
 21 
 18 
 11 
 14 
 16 
 32 
 20 
 15 
 12 
 16 
 15 
 24 
 12 
 17 
 22 
 18 
 20 
 20 
 22 
 17 
 28 
 17 
 16 
 18 
 20 
 22 
 20 
 18 
 18 
 22 
 14 
 21 
 19 
 23 
 26 
 22 
 24 
 29 
 16 
 24 
 25 
 33 
 21 
 19 
 24 
 22 
 22 
 23 
 20 
 18 
 26 
 28 
 19 
 25 
 20 
 20 
 29 
 20 
 29 
 28 
 23 
 25 
 22 
 21 
 28 
 20 
 31 
 25 
 19 
 25 
 31 
 33 
 28 
 29 
 20 
 17 
 31 
 31 
 29 
 23 
 34 
 39 
 22 
 24 
 30 
 33 
 30 
 29 
 34 
 37 
 21 
 32 
 24 
 26 
 19 
 25 
 26 
 27 
 35 
 42 
 42 
 21 
 40 
 34 
 24 
 32 
 34 
 25 
 30 
 39 
 25 
 33 
 25 
 36 
 30 
 50 
 36 
 32 
 24 
 21 
 30 
 36 
 42 
 30 
 21 
 26 
 40 
 36 
 29 
 39 
 31 
 33 
 25 
 43 
 29 
 32 
 36 
 32 
 41 
 31 
 41 
 37 
 42 
 39 
 35 
 42 
 41 
 41 
 34 
 38 
 37 
 45 
 29 
 34 
 30 
 41 
 22 
 37 
 36 
 35 
 27 
 43 
 30 
 30 
 37 
 31 
 38 
 40 
 29 
 25 
 29 
 49 
 32 
 47 
 34 
 33 
 31 
 38 
 36 
 46 
 45 
 38 
 34 
 32 
 42 
 32 
 40 
 40 
 36 
 29 
 35 
 39 
 28 
 37 
 31 
 39 
 40 
 34 
 33 
 35 
 48 
 34 
 29 
 39 
 35 
 34 
 38 
 42 
 43 
 32 
 35 
 42 
 37 
 28 
 35 
 38 
 33 
 25 
 28 
 38 
 36 
 36 
 42 
 43 
 22 
 38 
 36 
 40 
 49 
 40 
 27 
 33 
 41 
 26 
 45 
 34 
 39 
 29 
 38 
 43 
 37 
 31 
 41 
 29 
 34 
 33 
 34 
 30 
 39 
 36 
 32 
 20 
 37 
 41 
 34 
 28 
 29 
 28 
 29 
 24 
 38 
 30 
 38 
 39 
 31 
 26 
 19 
 22 
 31 
 30 
 32 
 34 
 28 
 37 
 35 
 32 
 37 
 29 
 29 
 31 
 34 
 24 
 34 
 36 
 28 
 31 
 29 
 23 
 27 
 21 
 24 
 31 
 32 
 31 
 29 
 34 
 21 
 25 
 31 
 27 
 19 
 23 
 27 
 23 
 19 
 26 
 29 
 23 
 24 
 25 
 16 
 27 
 25 
 21 
 18 
 27 
 26 
 19 
 17 
 27 
 19 
 17 
 13 
 16 
 15 
 20 
 20 
 19 
 22 
 17 
 21 
 14 
 20 
 15 
 23 
 18 
 16 
 15 
 16 
 18 
 16 
 9 
 14 
 12 
 9 
 19 
 17 
 14 
 16 
 12 
 14 
 20 
 15 
 15 
 15 
 9 
 16 
 12 
 9 
 10 
 14 
 6 
 8 
 14 
 7 
 12 
 12 
 10 
 9 
 10 
 8 
 13 
 2 
 9 
 5 
 11 
 9 
 8 
 9 
 3 
 5 
 7 
 5 
 7 
 5 
 9 
 8 
 2 
 8 
 7 
 6 
 4 
 4 
 6 
 4 
 4 
 2 
 4 
 2 
 3 
 4 
 4 
 3 
 3 
 9 
 1 
 4 
 3 
 3 
 3 
 4 
 2 
 2 
 3 
 1 
 2 
 3 
 4 
 1 
 2 
 2 
 0 
 1 
 0 
 1 
 0 
 1 
 2 
 0 
 1 
 0 
 2 
 1 
 0 
 0 
 0 
 0 
 0 
 0 
 0 
 0 
 0 
 0 
 0 
 0 
 0 
 0 
 0 
 0 
 0 
 1 
 0 
 0 
 0 
 0 
 1 
 0 
 0 
 0 
 0 
 0 
 0 
 0 
 0 
 0 
 0 
 0 
 0 
 0 
 0 
 0 
 0 
 0 
 1 
 0 
 0 
 0 
 0 
 0 
 0 
 0 
 0 
 0 
 0 
 0 
 0 
 0 
 0 
 0 
 0 
 0 
 0 
 0 
 0 
 0 
 0 
 0 
 0 
 0 
 0 
 0 
 0 
 0 
 0 
 0 
 0 
 0 
 0 
 0 
 0 
 0 
 0 
 0 
 0 
 0 
 0 
 0 
 0 
 0 
 0 
 0 
 0 
 0 
 0 
 0 
 0 
 0 
 0 
 0 
 0 
 0 
 0 
 0 
 0 
 0 
 0 
 0 
 0 
 0 
 0 
 0 
 0 
 0 
 0 
 0 
 0 
 0 
 0 
 0 
 0 
 0 
 0 
 0 
 0 
 0 
 0 
 0 
 0 
 0 
 0 
 0 
 0 
 0 
 0 
 0 
 0 
 0 
 0 
 0 
 0 
 0 
 0 
 0 
 0 
 0 
 0 
 0 
 0 
 0 
 0 
 0 
 0 
 0 
 0 
 0 
 0 
 0 
 0 
 0 
 0 
 0 
 0 
 0 
 0 
 0 
 0 
 0 
 0 
 0 
 0 
 0 
 0 
 0 
 0 
 0 
 0 
 0 
 0 
 0 
 0 
 0 
 0 
 0 
 0 
 0 
 0 
 0 
 0 
 0 
 0 
 0 
 0 
 0 
 0 
 0 
 0 
 0 
 0 
 0 
 0 
 0 
 0 
 0 
 0 
 0 
 0 
 0 
 0 
 0 
 0 
 0 
 0 
 0 
 0 
 0 
 0 
 0 
 0 
 0 
 0 
 0 
 0 
 0 
 0 
 0 
 0 
 0 
 0 
 0 
 0 
 0 
 0 
 0 
 0 
 0 
 0 
 0 
 0 
 0 
 0 
 0 
 0 
 0 
 0 
 0 
 0 
 0 
 0 
 0 
 0 
 0 
 0 
 0 
 0 
 0 
 0 
 0 
 0 
 0 
 0 
 0 
 0 
 0 
 0 
 0 
 0 
 0 
 0 
 0 
 0 
 0 
 0 
 0 
 0 
 0 
 0 
 0 
 0 
 0 
 0 
 0 
 0 
 0 
 0 
 0 
 0 
 0 
 0 
 0 
 0 
 0 
 0 
 0 
 0 
 0 
 0 
 0 
 0 
 0 
 0 
 0 
 0 
 0 
 0 
 0 
 0 
 0 
 0 
 0 
 0 
 0 
 0 
 0 
 0 
 0 
 0 
 0 
 0 
 0 
 0 
 0 
 0 
 0 
 0 
 0 
 0 
 0 
 0 
 0 
 0 
 0 
 0 
 0 
 0 
 0 
 0 
 0 
 0 
 0 
 0 
 0 
 0 
 0 
 0 
 0 
 0 
 0 
 0 
 0 
 0 
 0 
 0 
 0 
 0 
 0 
 0 
 0 
 0 
 0 
 0 
 0 
 0 
 0 
 0 
 0 
 0 
 0 
 0 
 0 
 0 
 0 
 0 
 0 
 0 
 0 
 0 
 0 
 0 
 0 
 0 
 0 
 0 
 0 
 0 
 0 
 0 
 0 
 0 
 0 
 0 
 0 
 0 
 0 
 0 
 0 
 0 
 0 
 0 
 0 
 0 
 0 
 0 
 0 
 0 
 0 
 0 
 0 
 0 
 0 
 0 
 0 
 0 
 0 
 0 
 0 
 0 
 0 
 0 
 0 
 0 
 0 
 0 
 0 
 0 
 0 
 0 
 0 
 0 
 0 
 0 
 0 
 0 
 0 
 0 
 0 
 0 
 0 
 0 
 0 
 0 
 0 
 0 
 0 
 0 
 0 
 0 
 0 
 0 
 0 
 0 
 0 
 0 
 0 
 0 
 0 
 0 
 0 
 0 
 0 
 0 
 0 
 0 
 0 
 0 
 0 
 0 
 0 
 0 
 0 
 0 
 0 
 0 
 0 
 0 
 0 
 0 
 0 
 0 
 0 
 0 
 0 
 0 
 0 
 0 
 0 
 0 
 0 
 0 
 0 
 0 
 0 
 0 
 0 
 0 
 0 
 0 
 0 
 0 
 0 
 0 
 0 
 0 
 0 
 0 
 0 
 0 
 0 
 0 
 0 
 0 
 0 
 0 
 0 
 0 
 0 
 0 
 0 
 0 
 0 
 0 
 0 
 0 
 0 
 0 
 0 
 0 
 0 
 0 
 0 
 0 
 0 
 0 
 0 
 0 
 0 
 0 
 0 
 0 
 0 
 0 
 0 
 0 
 0 
 0 
 0 
 0 
 0 
 0 
 0 
 0 
 0 
 0 
 0 
 0 
 0 
 0 
 0 
 0 
 0 
 0 
 0 
 0 
 0 
 0 
 0 
 0 
 0 
 0 
 0 
 0 
 0 
 0 
 0 
 0 
 0 
 0 
 0 
 0 
 0 
 0 
 0 
 0 
 0 
 0 
 0 
 0 
 0 
 0 
 0 
 0 
 0 
 0 
 0 
 0 
 0 
 0 
 0 
 0 
 0 
 0 
 0 
 0 
 0 
 0 
 0 
 0 
 0 
 0 
 0 
 0 
 0 
 0 
 0 
 0 
 0 
 0 
 0 
 0 
 0 
 0 
 0 
 0 
 0 
 0 
 0 
 0 
 0 
 0 
 0 
 0 
 0 
 0 
 0 
 0 
 0 
 0 
 0 
 0 
 0 
 0 
 0 
 0 
 0 
 0 
 0 
 0 
 0 
 0 
 0 
 0 
 0 
 0 
 0 
 0 
 0 
 0 
 0 
 0 
 0 
 0 
 0 
 0 
 0 
 0 
 0 
 0 
 0 
 0 
 0 
 0 
 0 
 0 
 0 
 0 
 0 
 0 
 0 
 0 
 0 
 0 
 0 
 0 
 0 
 0 
 0 
 0 
 0 
 0 
 0 
 0 
 0 
 0 
 0 
 0 
 0 
<<EndData>>
<<Data>>
*****
Condition 3
Kv : 10
mA : 0.3
Time : 120
Filter : 2
Mask : 2
Rotation : True
Environment : Vacuum
 0 
 0 
 0 
 0 
 0 
 0 
 0 
 0 
 0 
 0 
 0 
 0 
 0 
 0 
 0 
 0 
 0 
 0 
 6 
 11 
 7 
 17 
 5 
 5 
 1 
 6 
 12 
 8 
 15 
 13 
 24 
 24 
 43 
 29 
 37 
 61 
 188 
 409 
 701 
 683 
 502 
 212 
 66 
 36 
 19 
 22 
 23 
 34 
 46 
 63 
 47 
 42 
 24 
 28 
 19 
 18 
 15 
 25 
 24 
 24 
 18 
 17 
 16 
 24 
 13 
 21 
 17 
 17 
 15 
 21 
 22 
 13 
 27 
 18 
 21 
 25 
 24 
 25 
 29 
 16 
 18 
 25 
 15 
 19 
 21 
 15 
 28 
 16 
 18 
 23 
 19 
 20 
 21 
 30 
 20 
 20 
 24 
 22 
 24 
 34 
 40 
 47 
 36 
 28 
 29 
 23 
 22 
 19 
 17 
 26 
 28 
 18 
 16 
 16 
 20 
 20 
 28 
 33 
 20 
 32 
 29 
 35 
 39 
 24 
 28 
 24 
 24 
 42 
 46 
 43 
 45 
 47 
 53 
 46 
 55 
 70 
 76 
 77 
 76 
 74 
 80 
 85 
 73 
 80 
 69 
 109 
 191 
 367 
 618 
 1153 
 2268 
 4645 
 8761 
 14641 
 21646 
 27686 
 28485 
 25198 
 18583 
 11583 
 5772 
 2829 
 1459 
 1186 
 1321 
 1647 
 1864 
 1642 
 1426 
 933 
 607 
 277 
 140 
 59 
 38 
 22 
 20 
 12 
 18 
 17 
 22 
 16 
 11 
 29 
 21 
 11 
 19 
 26 
 18 
 18 
 14 
 17 
 17 
 14 
 12 
 15 
 17 
 14 
 17 
 9 
 14 
 12 
 10 
 13 
 7 
 15 
 14 
 18 
 14 
 12 
 11 
 16 
 11 
 9 
 19 
 15 
 13 
 11 
 15 
 23 
 15 
 11 
 13 
 12 
 18 
 13 
 15 
 12 
 13 
 16 
 21 
 13 
 18 
 12 
 14 
 15 
 14 
 12 
 17 
 13 
 20 
 15 
 23 
 19 
 22 
 21 
 31 
 23 
 33 
 39 
 27 
 28 
 34 
 17 
 19 
 22 
 20 
 10 
 15 
 23 
 18 
 14 
 18 
 17 
 13 
 15 
 11 
 16 
 13 
 13 
 20 
 19 
 21 
 13 
 21 
 24 
 18 
 17 
 20 
 19 
 21 
 22 
 16 
 19 
 18 
 17 
 17 
 15 
 9 
 26 
 18 
 13 
 12 
 15 
 22 
 17 
 13 
 22 
 20 
 19 
 18 
 21 
 33 
 23 
 29 
 28 
 38 
 31 
 26 
 19 
 23 
 24 
 27 
 21 
 19 
 23 
 18 
 23 
 19 
 23 
 26 
 14 
 24 
 22 
 19 
 19 
 25 
 32 
 22 
 37 
 34 
 28 
 19 
 36 
 29 
 23 
 35 
 40 
 27 
 30 
 39 
 30 
 43 
 36 
 39 
 50 
 42 
 34 
 43 
 48 
 47 
 58 
 44 
 51 
 46 
 47 
 47 
 38 
 50 
 54 
 40 
 56 
 50 
 52 
 48 
 62 
 63 
 54 
 56 
 53 
 56 
 66 
 51 
 56 
 47 
 66 
 57 
 62 
 58 
 72 
 56 
 69 
 59 
 71 
 66 
 72 
 80 
 60 
 78 
 60 
 56 
 64 
 83 
 86 
 67 
 82 
 81 
 75 
 82 
 75 
 80 
 65 
 79 
 78 
 65 
 74 
 76 
 87 
 87 
 72 
 72 
 71 
 80 
 90 
 71 
 80 
 73 
 79 
 87 
 69 
 88 
 104 
 93 
 81 
 87 
 94 
 102 
 110 
 126 
 116 
 127 
 122 
 113 
 90 
 129 
 106 
 93 
 89 
 85 
 93 
 86 
 97 
 95 
 94 
 77 
 114 
 88 
 98 
 86 
 101 
 90 
 98 
 95 
 110 
 99 
 88 
 94 
 110 
 94 
 98 
 106 
 90 
 74 
 101 
 97 
 87 
 86 
 109 
 105 
 117 
 85 
 85 
 98 
 87 
 92 
 99 
 111 
 91 
 109 
 102 
 96 
 89 
 80 
 98 
 114 
 114 
 91 
 82 
 112 
 103 
 93 
 91 
 88 
 98 
 105 
 119 
 113 
 102 
 120 
 121 
 126 
 108 
 122 
 119 
 113 
 123 
 112 
 109 
 105 
 119 
 101 
 92 
 109 
 128 
 112 
 113 
 133 
 100 
 111 
 126 
 115 
 114 
 91 
 120 
 117 
 109 
 107 
 111 
 125 
 106 
 82 
 120 
 115 
 99 
 130 
 103 
 142 
 124 
 115 
 123 
 120 
 150 
 110 
 116 
 127 
 126 
 114 
 119 
 113 
 116 
 105 
 133 
 113 
 127 
 122 
 125 
 105 
 119 
 107 
 109 
 105 
 96 
 97 
 106 
 114 
 113 
 113 
 87 
 102 
 103 
 98 
 129 
 110 
 122 
 99 
 117 
 114 
 87 
 94 
 81 
 105 
 114 
 94 
 95 
 95 
 96 
 80 
 85 
 89 
 93 
 117 
 84 
 101 
 73 
 75 
 86 
 90 
 92 
 72 
 85 
 78 
 80 
 68 
 81 
 82 
 64 
 66 
 60 
 77 
 70 
 74 
 53 
 62 
 70 
 56 
 54 
 62 
 72 
 63 
 62 
 59 
 65 
 62 
 51 
 47 
 49 
 40 
 39 
 42 
 37 
 32 
 39 
 36 
 39 
 33 
 28 
 35 
 33 
 35 
 26 
 32 
 28 
 19 
 24 
 25 
 18 
 17 
 12 
 16 
 25 
 9 
 12 
 7 
 5 
 10 
 2 
 9 
 4 
 2 
 7 
 4 
 3 
 3 
 1 
 6 
 3 
 4 
 2 
 0 
 0 
 0 
 2 
 2 
 1 
 1 
 3 
 4 
 1 
 2 
 2 
 0 
 0 
 2 
 0 
 0 
 2 
 0 
 0 
 3 
 0 
 2 
 3 
 1 
 3 
 0 
 4 
 1 
 3 
 1 
 1 
 3 
 0 
 0 
 1 
 0 
 2 
 1 
 1 
 0 
 0 
 1 
 0 
 0 
 0 
 1 
 2 
 0 
 0 
 1 
 0 
 2 
 1 
 0 
 0 
 0 
 0 
 2 
 1 
 1 
 2 
 2 
 2 
 1 
 1 
 0 
 0 
 0 
 0 
 0 
 0 
 0 
 0 
 0 
 0 
 0 
 0 
 0 
 0 
 0 
 1 
 0 
 0 
 1 
 0 
 1 
 0 
 1 
 1 
 0 
 1 
 0 
 0 
 0 
 0 
 1 
 0 
 1 
 0 
 0 
 0 
 1 
 0 
 0 
 2 
 0 
 0 
 0 
 0 
 1 
 0 
 0 
 0 
 0 
 0 
 0 
 0 
 0 
 0 
 0 
 0 
 0 
 0 
 0 
 0 
 0 
 1 
 0 
 0 
 0 
 0 
 0 
 0 
 0 
 0 
 0 
 0 
 0 
 0 
 0 
 0 
 0 
 0 
 0 
 0 
 0 
 0 
 0 
 0 
 0 
 0 
 0 
 0 
 0 
 0 
 0 
 0 
 0 
 0 
 0 
 0 
 0 
 0 
 0 
 0 
 0 
 0 
 0 
 0 
 0 
 0 
 0 
 0 
 0 
 0 
 0 
 0 
 0 
 0 
 0 
 0 
 0 
 0 
 0 
 0 
 0 
 0 
 0 
 0 
 0 
 0 
 0 
 0 
 0 
 0 
 0 
 0 
 0 
 0 
 0 
 0 
 0 
 0 
 0 
 0 
 0 
 0 
 0 
 0 
 0 
 0 
 0 
 0 
 0 
 0 
 0 
 0 
 0 
 0 
 0 
 0 
 0 
 0 
 0 
 0 
 0 
 0 
 0 
 0 
 0 
 0 
 0 
 0 
 0 
 0 
 0 
 0 
 0 
 0 
 0 
 0 
 0 
 0 
 0 
 0 
 0 
 0 
 0 
 0 
 0 
 0 
 0 
 0 
 0 
 0 
 0 
 0 
 0 
 0 
 0 
 0 
 0 
 0 
 0 
 0 
 0 
 0 
 0 
 0 
 0 
 0 
 0 
 0 
 0 
 0 
 0 
 0 
 0 
 0 
 0 
 0 
 0 
 0 
 0 
 0 
 0 
 0 
 0 
 0 
 0 
 0 
 0 
 0 
 0 
 0 
 0 
 0 
 0 
 0 
 0 
 0 
 0 
 0 
 0 
 0 
 0 
 0 
 0 
 0 
 0 
 0 
 0 
 0 
 0 
 0 
 0 
 0 
 0 
 0 
 0 
 0 
 0 
 0 
 0 
 0 
 0 
 0 
 0 
 0 
 0 
 0 
 0 
 0 
 0 
 0 
 0 
 0 
 0 
 0 
 0 
 0 
 0 
 0 
 0 
 0 
 0 
 0 
 0 
 0 
 0 
 0 
 0 
 0 
 0 
 0 
 0 
 0 
 0 
 0 
 0 
 0 
 0 
 0 
 0 
 0 
 0 
 0 
 0 
 0 
 0 
 0 
 0 
 0 
 0 
 0 
 0 
 0 
 0 
 0 
 0 
 0 
 0 
 0 
 0 
 0 
 0 
 0 
 0 
 0 
 0 
 0 
 0 
 0 
 0 
 0 
 0 
 0 
 0 
 0 
 0 
 0 
 0 
 0 
 0 
 0 
 0 
 0 
 0 
 0 
 0 
 0 
 0 
 0 
 0 
 0 
 0 
 0 
 0 
 0 
 0 
 0 
 0 
 0 
 0 
 0 
 0 
 0 
 0 
 0 
 0 
 0 
 0 
 0 
 0 
 0 
 0 
 0 
 0 
 0 
 0 
 0 
 0 
 0 
 0 
 0 
 0 
 0 
 0 
 0 
 0 
 0 
 0 
 0 
 0 
 0 
 0 
 0 
 0 
 0 
 0 
 0 
 0 
 0 
 0 
 0 
 0 
 0 
 0 
 0 
 0 
 0 
 0 
 0 
 0 
 0 
 0 
 0 
 0 
 0 
 0 
 0 
 0 
 0 
 0 
 0 
 0 
 0 
 0 
 0 
 0 
 0 
 0 
 0 
 0 
 0 
 0 
 0 
 0 
 0 
 0 
 0 
 0 
 0 
 0 
 0 
 0 
 0 
 0 
 0 
 0 
 0 
 0 
 0 
 0 
 0 
 0 
 0 
 0 
 0 
 0 
 0 
 0 
 0 
 0 
 0 
 0 
 0 
 0 
 0 
 0 
 0 
 0 
 0 
 0 
 0 
 0 
 0 
 0 
 0 
 0 
 0 
 0 
 0 
 0 
 0 
 0 
 0 
 0 
 0 
 0 
 0 
 0 
 0 
 0 
 0 
 0 
 0 
 0 
 0 
 0 
 0 
 0 
 0 
 0 
 0 
 0 
 0 
 0 
 0 
 0 
 0 
 0 
 0 
 0 
 0 
 0 
 0 
 0 
 0 
 0 
 0 
 0 
 0 
 0 
 0 
 0 
 0 
 0 
 0 
 0 
 0 
 0 
 0 
 0 
 0 
 0 
 0 
 0 
 0 
 0 
 0 
 0 
 0 
 0 
 0 
 0 
 0 
 0 
 0 
 0 
 0 
 0 
 0 
 0 
 0 
 0 
 0 
 0 
 0 
 0 
 0 
 0 
 0 
 0 
 0 
 0 
 0 
 0 
 0 
 0 
 0 
 0 
 0 
 0 
 0 
 0 
 0 
 0 
 0 
 0 
 0 
 0 
 0 
 0 
 0 
 0 
 0 
 0 
 0 
 0 
 0 
 0 
 0 
 0 
 0 
 0 
 0 
 0 
 0 
 0 
 0 
 0 
 0 
 0 
 0 
 0 
 0 
 0 
 0 
 0 
 0 
 0 
 0 
 0 
 0 
 0 
 0 
 0 
 0 
 0 
 0 
 0 
 0 
 0 
 0 
 0 
 0 
 0 
 0 
 0 
 0 
 0 
 0 
 0 
 0 
 0 
 0 
 0 
 0 
 0 
 0 
 0 
 0 
 0 
 0 
 0 
 0 
 0 
 0 
 0 
 0 
 0 
 0 
 0 
 0 
 0 
 0 
 0 
 0 
 0 
 0 
 0 
 0 
 0 
 0 
 0 
 0 
 0 
 0 
 0 
 0 
 0 
 0 
 0 
 0 
 0 
 0 
 0 
 0 
 0 
 0 
 0 
 0 
 0 
 0 
 0 
 0 
 0 
 0 
 0 
 0 
 0 
 0 
 0 
 0 
 0 
 0 
 0 
 0 
 0 
 0 
 0 
 0 
 0 
 0 
 0 
 0 
 0 
 0 
 0 
 0 
 0 
 0 
 0 
 0 
 0 
 0 
 0 
 0 
 0 
 0 
 0 
 0 
 0 
 0 
 0 
 0 
 0 
 0 
 0 
 0 
 0 
 0 
 0 
 0 
 0 
 0 
 0 
 0 
 0 
 0 
 0 
 0 
 0 
 0 
 0 
 0 
 0 
 0 
 0 
 0 
 0 
 0 
 0 
 0 
 0 
 0 
 0 
 0 
 0 
 0 
 0 
 0 
 0 
 0 
 0 
 0 
 0 
 0 
 0 
 0 
 0 
 0 
 0 
 0 
 0 
 0 
 0 
 0 
 0 
 0 
 0 
 0 
 0 
 0 
 0 
 0 
 0 
 0 
 0 
 0 
 0 
 0 
 0 
 0 
 0 
 0 
 0 
 0 
 0 
 0 
 0 
 0 
 0 
 0 
 0 
 0 
 0 
 0 
 0 
 0 
 0 
 0 
 0 
 0 
 0 
 0 
 0 
 0 
 0 
 0 
 0 
 0 
 0 
 0 
 0 
 0 
 0 
 0 
 0 
 0 
 0 
 0 
 0 
 0 
 0 
 0 
 0 
 0 
 0 
 0 
 0 
 0 
 0 
 0 
 0 
 0 
 0 
 0 
 0 
 0 
 0 
 0 
 0 
 0 
 0 
 0 
 0 
 0 
 0 
 0 
 0 
 0 
 0 
 0 
 0 
 0 
 0 
 0 
 0 
 0 
 0 
 0 
 0 
 0 
 0 
 0 
 0 
 0 
 0 
 0 
 0 
 0 
 0 
 0 
 0 
 0 
 0 
 0 
 0 
 0 
 0 
 0 
 0 
 0 
 0 
 0 
 0 
 0 
 0 
 0 
 0 
 0 
 0 
 0 
 0 
 0 
 0 
 0 
 0 
 0 
 0 
 0 
 0 
 0 
 0 
 0 
 0 
 0 
 0 
 0 
 0 
 0 
 0 
 0 
 0 
 0 
 0 
 0 
 0 
 0 
 0 
 0 
 0 
 0 
 0 
 0 
 0 
 0 
 0 
 0 
 0 
 0 
 0 
 0 
 0 
 0 
 0 
 0 
 0 
 0 
 0 
 0 
 0 
 0 
 0 
 0 
 0 
 0 
 0 
 0 
 0 
 0 
 0 
 0 
 0 
 0 
 0 
 0 
 0 
 0 
 0 
 0 
 0 
 0 
 0 
 0 
 0 
 0 
 0 
 0 
 0 
 0 
 0 
 0 
 0 
 0 
 0 
 0 
 0 
 0 
 0 
 0 
 0 
 0 
 0 
 0 
 0 
 0 
 0 
 0 
 0 
 0 
 0 
 0 
 0 
 0 
 0 
 0 
 0 
 0 
 0 
 0 
 0 
 0 
 0 
 0 
 0 
 0 
 0 
 0 
 0 
 0 
 0 
 0 
 0 
 0 
 0 
 0 
 0 
 0 
 0 
 0 
 0 
 0 
 0 
 0 
 0 
 0 
 0 
 0 
 0 
 0 
 0 
 0 
 0 
 0 
 0 
 0 
 0 
 0 
 0 
 0 
 0 
 0 
 0 
 0 
 0 
 0 
 0 
 0 
 0 
 0 
 0 
 0 
 0 
 0 
 0 
 0 
 0 
 0 
 0 
 0 
 0 
 0 
 0 
 0 
 0 
 0 
 0 
 0 
 0 
 0 
 0 
 0 
 0 
 0 
 0 
 0 
 0 
 0 
 0 
 0 
 0 
 0 
 0 
 0 
 0 
 0 
 0 
 0 
 0 
 0 
 0 
 0 
 0 
 0 
 0 
 0 
 0 
 0 
 0 
 0 
 0 
 0 
 0 
 0 
 0 
 0 
 0 
 0 
 0 
 0 
 0 
 0 
 0 
 0 
 0 
 0 
 0 
 0 
 0 
 0 
 0 
 0 
 0 
 0 
 0 
 0 
 0 
 0 
 0 
 0 
 0 
 0 
 0 
 0 
 0 
 0 
 0 
 0 
 0 
 0 
 0 
 0 
 0 
 0 
 0 
 0 
 0 
 0 
 0 
 0 
 0 
 0 
 0 
 0 
 0 
 0 
 0 
 0 
 0 
 0 
 0 
 0 
 0 
 0 
 0 
 0 
 0 
 0 
 0 
 0 
 0 
 0 
 0 
 0 
 0 
 0 
 0 
 0 
 0 
 0 
 0 
 0 
 0 
 0 
 0 
 0 
 0 
 0 
 0 
 0 
 0 
 0 
 0 
 0 
 0 
 0 
 0 
 0 
 0 
 0 
 0 
 0 
 0 
 0 
 0 
 0 
 0 
 0 
 0 
 0 
 0 
 0 
 0 
 0 
 0 
 0 
 0 
 0 
 0 
 0 
 0 
 0 
 0 
 0 
 0 
 0 
 0 
 0 
 0 
 0 
 0 
 0 
 0 
 0 
 0 
 0 
 0 
 0 
 0 
 0 
 0 
 0 
 0 
 0 
 0 
 0 
 0 
 0 
 0 
 0 
 0 
 0 
 0 
 0 
 0 
 0 
 0 
 0 
 0 
 0 
 0 
 0 
 0 
 0 
 0 
 0 
 0 
 0 
 0 
 0 
 0 
 0 
 0 
 0 
 0 
 0 
 0 
 0 
 0 
 0 
 0 
 0 
 0 
 0 
 0 
 0 
 0 
 0 
 0 
 0 
 0 
 0 
 0 
 0 
 0 
 0 
 0 
 0 
 0 
 0 
 0 
 0 
 0 
 0 
 0 
 0 
<<EndData>>
<<Data>>
*****
Condition 2
Kv : 10
mA : 0.2
Time : 120
Filter : 1
Mask : 2
Rotation : True
Environment : Vacuum
 0 
 0 
 0 
 0 
 0 
 0 
 0 
 0 
 0 
 0 
 0 
 0 
 0 
 0 
 0 
 0 
 0 
 0 
 51 
 96 
 87 
 84 
 99 
 76 
 97 
 85 
 96 
 104 
 105 
 154 
 231 
 392 
 437 
 409 
 485 
 1313 
 3568 
 6482 
 7737 
 6305 
 3347 
 1307 
 462 
 239 
 212 
 267 
 403 
 563 
 699 
 684 
 585 
 415 
 305 
 298 
 229 
 310 
 262 
 257 
 250 
 245 
 238 
 240 
 289 
 304 
 288 
 297 
 268 
 241 
 237 
 276 
 259 
 285 
 282 
 247 
 295 
 291 
 262 
 256 
 220 
 233 
 255 
 241 
 240 
 266 
 263 
 274 
 295 
 300 
 266 
 293 
 253 
 262 
 258 
 287 
 244 
 296 
 375 
 441 
 550 
 684 
 721 
 661 
 515 
 431 
 400 
 347 
 323 
 324 
 310 
 315 
 310 
 336 
 337 
 366 
 399 
 456 
 510 
 511 
 540 
 535 
 519 
 509 
 553 
 549 
 568 
 577 
 532 
 628 
 678 
 741 
 798 
 896 
 986 
 1081 
 1239 
 1351 
 1402 
 1431 
 1401 
 1407 
 1448 
 1373 
 1313 
 1428 
 1637 
 2493 
 4061 
 7108 
 13550 
 25758 
 50999 
 99775 
 178011 
 278011 
 372743 
 421931 
 400904 
 319322 
 213882 
 122731 
 62535 
 32992 
 23717 
 24489 
 29196 
 33373 
 33728 
 29894 
 23887 
 17172 
 11895 
 8959 
 7129 
 6492 
 6332 
 6212 
 6514 
 6540 
 7008 
 7385 
 7799 
 8003 
 8178 
 7826 
 7465 
 7013 
 7022 
 6919 
 7016 
 7182 
 7143 
 7338 
 7150 
 6913 
 6706 
 6406 
 6386 
 6238 
 6269 
 6124 
 6126 
 6144 
 6402 
 6306 
 6154 
 6139 
 6132 
 6206 
 6317 
 6303 
 6137 
 6360 
 6236 
 6363 
 6428 
 6308 
 6406 
 6412 
 6578 
 6431 
 6439 
 6524 
 6481 
 6637 
 6550 
 6548 
 6667 
 6759 
 6736 
 6656 
 6724 
 6792 
 6908 
 6706 
 6832 
 6937 
 7048 
 6951 
 7041 
 6844 
 6973 
 7055 
 7089 
 7000 
 7029 
 7116 
 7207 
 7247 
 7139 
 7297 
 7317 
 7068 
 7168 
 7314 
 7332 
 7364 
 7178 
 7460 
 7274 
 7348 
 7397 
 7411 
 7676 
 7479 
 7734 
 7573 
 7575 
 7571 
 7815 
 7537 
 7700 
 7967 
 7793 
 7793 
 7934 
 7900 
 8037 
 7859 
 7946 
 7941 
 8177 
 7958 
 8250 
 8103 
 8144 
 8173 
 8124 
 8186 
 8237 
 8348 
 8228 
 8367 
 8371 
 8348 
 8277 
 8472 
 8544 
 8356 
 8521 
 8559 
 8704 
 8577 
 8577 
 8629 
 8737 
 8708 
 8765 
 8699 
 8717 
 8329 
 7893 
 7195 
 6399 
 5533 
 4779 
 4374 
 3916 
 3627 
 3480 
 3262 
 3257 
 3117 
 2835 
 2850 
 2789 
 2654 
 2640 
 2521 
 2554 
 2510 
 2451 
 2510 
 2382 
 2440 
 2471 
 2462 
 2360 
 2320 
 2327 
 2357 
 2262 
 2293 
 2297 
 2255 
 2208 
 2136 
 2198 
 2133 
 2166 
 2100 
 2088 
 2225 
 2114 
 2099 
 2060 
 2043 
 2053 
 2071 
 2004 
 1983 
 1952 
 1965 
 2041 
 1890 
 1976 
 1898 
 1994 
 1913 
 1883 
 1983 
 1951 
 1838 
 1788 
 1957 
 1710 
 1761 
 1872 
 1724 
 1833 
 1711 
 1740 
 1717 
 1790 
 1728 
 1704 
 1653 
 1612 
 1749 
 1637 
 1607 
 1595 
 1630 
 1522 
 1529 
 1590 
 1496 
 1582 
 1520 
 1483 
 1462 
 1509 
 1492 
 1469 
 1433 
 1462 
 1461 
 1436 
 1443 
 1357 
 1435 
 1340 
 1377 
 1356 
 1305 
 1346 
 1245 
 1266 
 1247 
 1240 
 1219 
 1213 
 1214 
 1174 
 1145 
 1126 
 1185 
 1176 
 1091 
 1148 
 1094 
 1049 
 1045 
 1108 
 1065 
 1044 
 1016 
 983 
 963 
 911 
 950 
 912 
 916 
 864 
 846 
 913 
 817 
 836 
 817 
 797 
 801 
 730 
 775 
 707 
 705 
 663 
 669 
 635 
 634 
 589 
 576 
 595 
 570 
 536 
 590 
 520 
 519 
 549 
 504 
 534 
 515 
 482 
 438 
 442 
 431 
 452 
 390 
 424 
 426 
 423 
 386 
 439 
 417 
 438 
 384 
 419 
 386 
 397 
 386 
 364 
 431 
 420 
 383 
 366 
 359 
 367 
 359 
 350 
 359 
 339 
 338 
 363 
 362 
 343 
 359 
 315 
 337 
 340 
 335 
 355 
 309 
 319 
 322 
 326 
 325 
 328 
 278 
 304 
 288 
 325 
 317 
 281 
 293 
 304 
 309 
 275 
 291 
 294 
 297 
 271 
 311 
 300 
 264 
 337 
 276 
 266 
 289 
 269 
 266 
 266 
 246 
 287 
 265 
 238 
 277 
 259 
 252 
 234 
 222 
 252 
 218 
 238 
 229 
 244 
 238 
 241 
 254 
 227 
 229 
 219 
 245 
 218 
 213 
 212 
 251 
 218 
 216 
 180 
 218 
 192 
 182 
 180 
 201 
 199 
 200 
 211 
 183 
 182 
 196 
 203 
 215 
 190 
 197 
 187 
 190 
 193 
 182 
 175 
 198 
 141 
 167 
 143 
 173 
 170 
 163 
 156 
 131 
 172 
 155 
 141 
 142 
 159 
 135 
 141 
 142 
 140 
 145 
 129 
 133 
 139 
 123 
 145 
 134 
 135 
 121 
 150 
 119 
 134 
 132 
 125 
 105 
 110 
 121 
 133 
 104 
 89 
 139 
 82 
 94 
 99 
 103 
 105 
 113 
 106 
 95 
 85 
 98 
 100 
 90 
 92 
 88 
 95 
 105 
 83 
 93 
 85 
 81 
 81 
 73 
 80 
 89 
 81 
 97 
 78 
 66 
 81 
 60 
 77 
 61 
 77 
 59 
 66 
 73 
 60 
 69 
 63 
 75 
 60 
 90 
 66 
 71 
 65 
 63 
 59 
 64 
 46 
 64 
 56 
 53 
 65 
 49 
 55 
 56 
 57 
 47 
 43 
 54 
 41 
 45 
 37 
 44 
 55 
 39 
 50 
 57 
 40 
 64 
 47 
 44 
 38 
 39 
 43 
 43 
 45 
 43 
 28 
 40 
 46 
 29 
 38 
 49 
 38 
 41 
 39 
 46 
 44 
 36 
 35 
 43 
 35 
 41 
 43 
 38 
 39 
 24 
 45 
 26 
 31 
 30 
 36 
 25 
 35 
 22 
 22 
 29 
 24 
 30 
 28 
 20 
 30 
 31 
 23 
 22 
 18 
 28 
 32 
 25 
 21 
 20 
 17 
 23 
 30 
 24 
 19 
 20 
 14 
 28 
 21 
 17 
 23 
 21 
 14 
 19 
 20 
 17 
 18 
 12 
 17 
 25 
 17 
 16 
 14 
 13 
 14 
 11 
 12 
 14 
 20 
 11 
 17 
 10 
 17 
 13 
 11 
 13 
 11 
 15 
 11 
 11 
 9 
 14 
 9 
 11 
 15 
 9 
 13 
 14 
 10 
 13 
 8 
 9 
 12 
 8 
 9 
 9 
 9 
 4 
 6 
 6 
 12 
 10 
 10 
 13 
 9 
 11 
 9 
 6 
 8 
 6 
 10 
 10 
 9 
 10 
 5 
 8 
 7 
 14 
 4 
 8 
 5 
 4 
 5 
 2 
 3 
 6 
 4 
 6 
 2 
 8 
 9 
 4 
 9 
 7 
 6 
 8 
 6 
 8 
 5 
 5 
 4 
 4 
 3 
 3 
 4 
 3 
 7 
 2 
 4 
 4 
 3 
 2 
 4 
 2 
 3 
 4 
 4 
 2 
 6 
 6 
 7 
 1 
 6 
 4 
 1 
 5 
 3 
 7 
 7 
 5 
 2 
 2 
 3 
 1 
 4 
 0 
 1 
 2 
 2 
 0 
 1 
 0 
 1 
 2 
 0 
 4 
 1 
 4 
 3 
 1 
 2 
 2 
 3 
 2 
 2 
 1 
 1 
 0 
 3 
 2 
 1 
 0 
 2 
 1 
 2 
 2 
 2 
 2 
 3 
 0 
 1 
 2 
 2 
 1 
 2 
 1 
 1 
 3 
 2 
 3 
 1 
 1 
 3 
 3 
 0 
 1 
 1 
 0 
 1 
 0 
 2 
 0 
 0 
 3 
 0 
 0 
 0 
 2 
 1 
 0 
 0 
 1 
 1 
 0 
 0 
 1 
 0 
 0 
 1 
 0 
 1 
 1 
 1 
 1 
 0 
 0 
 0 
 1 
 0 
 0 
 0 
 0 
 0 
 2 
 2 
 0 
 1 
 0 
 0 
 0 
 0 
 0 
 1 
 0 
 0 
 0 
 0 
 0 
 0 
 1 
 0 
 1 
 0 
 0 
 0 
 0 
 1 
 0 
 0 
 1 
 0 
 0 
 0 
 1 
 1 
 0 
 0 
 0 
 0 
 0 
 0 
 0 
 1 
 0 
 1 
 0 
 0 
 0 
 0 
 0 
 0 
 0 
 0 
 1 
 0 
 0 
 0 
 0 
 0 
 0 
 0 
 1 
 0 
 1 
 1 
 0 
 0 
 0 
 0 
 0 
 0 
 0 
 0 
 0 
 0 
 0 
 1 
 0 
 0 
 0 
 0 
 0 
 0 
 0 
 0 
 0 
 0 
 0 
 0 
 0 
 0 
 0 
 0 
 0 
 0 
 0 
 0 
 0 
 0 
 0 
 0 
 0 
 0 
 0 
 0 
 0 
 0 
 0 
 0 
 0 
 0 
 0 
 0 
 0 
 0 
 0 
 0 
 0 
 0 
 0 
 0 
 0 
 0 
 0 
 1 
 0 
 0 
 1 
 0 
 0 
 0 
 0 
 0 
 0 
 0 
 0 
 0 
 0 
 0 
 0 
 0 
 0 
 0 
 0 
 0 
 0 
 0 
 0 
 0 
 0 
 0 
 0 
 0 
 0 
 0 
 0 
 0 
 0 
 0 
 0 
 0 
 0 
 0 
 0 
 0 
 0 
 0 
 0 
 0 
 0 
 0 
 0 
 0 
 0 
 0 
 0 
 0 
 0 
 0 
 0 
 0 
 0 
 0 
 0 
 0 
 0 
 0 
 0 
 0 
 0 
 0 
 0 
 0 
 0 
 0 
 0 
 0 
 0 
 0 
 0 
 0 
 0 
 0 
 0 
 0 
 0 
 0 
 0 
 0 
 0 
 0 
 0 
 0 
 0 
 0 
 0 
 0 
 0 
 0 
 0 
 0 
 0 
 0 
 0 
 0 
 0 
 0 
 0 
 0 
 0 
 0 
 0 
 0 
 0 
 0 
 0 
 0 
 0 
 0 
 0 
 0 
 0 
 0 
 0 
 0 
 0 
 0 
 0 
 0 
 0 
 0 
 0 
 0 
 0 
 0 
 0 
 0 
 1 
 0 
 0 
 0 
 0 
 0 
 0 
 0 
 0 
 0 
 0 
 0 
 0 
 0 
 0 
 0 
 0 
 0 
 0 
 0 
 0 
 0 
 0 
 0 
 0 
 0 
 0 
 0 
 0 
 0 
 0 
 0 
 0 
 0 
 0 
 0 
 0 
 0 
 0 
 0 
 0 
 0 
 0 
 0 
 1 
 0 
 0 
 0 
 0 
 0 
 0 
 0 
 0 
 0 
 0 
 0 
 0 
 0 
 0 
 0 
 0 
 0 
 0 
 0 
 0 
 0 
 0 
 0 
 0 
 0 
 0 
 0 
 0 
 0 
 0 
 0 
 0 
 0 
 0 
 0 
 0 
 0 
 0 
 0 
 0 
 0 
 0 
 0 
 0 
 0 
 0 
 0 
 0 
 0 
 0 
 0 
 0 
 0 
 0 
 0 
 0 
 0 
 0 
 0 
 0 
 0 
 0 
 0 
 0 
 0 
 0 
 0 
 0 
 0 
 0 
 0 
 0 
 0 
 0 
 0 
 0 
 0 
 0 
 0 
 0 
 0 
 0 
 0 
 0 
 0 
 0 
 0 
 0 
 0 
 0 
 0 
 0 
 0 
 0 
 0 
 0 
 0 
 0 
 0 
 0 
 0 
 0 
 0 
 0 
 0 
 0 
 0 
 0 
 0 
 0 
 0 
 0 
 0 
 0 
 0 
 0 
 0 
 0 
 0 
 0 
 0 
 0 
 0 
 0 
 0 
 0 
 0 
 0 
 0 
 0 
 0 
 0 
 0 
 0 
 0 
 0 
 0 
 0 
 0 
 0 
 0 
 0 
 0 
 0 
 0 
 0 
 0 
 0 
 0 
 0 
 0 
 0 
 0 
 0 
 0 
 0 
 0 
 0 
 0 
 0 
 0 
 0 
 0 
 0 
 0 
 0 
 0 
 0 
 0 
 0 
 0 
 0 
 0 
 0 
 0 
 0 
 0 
 0 
 0 
 0 
 0 
 0 
 0 
 0 
 0 
 0 
 0 
 0 
 0 
 0 
 0 
 0 
 0 
 0 
 0 
 0 
 0 
 0 
 0 
 0 
 0 
 0 
 0 
 0 
 0 
 0 
 0 
 0 
 0 
 0 
 0 
 0 
 0 
 0 
 0 
 0 
 0 
 0 
 0 
 0 
 0 
 0 
 0 
 0 
 0 
 0 
 0 
 0 
 0 
 0 
 0 
 0 
 0 
 0 
 0 
 0 
 0 
 0 
 0 
 0 
 0 
 0 
 0 
 0 
 0 
 0 
 0 
 0 
 0 
 0 
 0 
 0 
 0 
 0 
 0 
 0 
 0 
 0 
 0 
 0 
 0 
 0 
 0 
 0 
 0 
 0 
 0 
 0 
 0 
 0 
 0 
 0 
 0 
 0 
 0 
 0 
 0 
 0 
 0 
 0 
 0 
 0 
 0 
 0 
 0 
 0 
 0 
 0 
 0 
 0 
 0 
 0 
 0 
 0 
 0 
 0 
 0 
 0 
 0 
 0 
 0 
 0 
 0 
 0 
 0 
 0 
 0 
 0 
 0 
 0 
 0 
 0 
 0 
 0 
 0 
 0 
 0 
 0 
 0 
 0 
 0 
 0 
 0 
 0 
 0 
 0 
 0 
 0 
 0 
 0 
 0 
 0 
 0 
 0 
 0 
 0 
 0 
 0 
 0 
 0 
 0 
 0 
 0 
 0 
 0 
 0 
 0 
 0 
 0 
 0 
 0 
 0 
 0 
 0 
 0 
 0 
 0 
 0 
 0 
 0 
 0 
 0 
 0 
 0 
 0 
 0 
 0 
 0 
 0 
 0 
 0 
 0 
 0 
 0 
 0 
 0 
 0 
 0 
 0 
 0 
 0 
 0 
 0 
 0 
 0 
 0 
 0 
 0 
 0 
 0 
 0 
 0 
 0 
 0 
 0 
 0 
 0 
 0 
 0 
 0 
 0 
 0 
 0 
 0 
 0 
 0 
 0 
 0 
 0 
 0 
 0 
 0 
 0 
 0 
 0 
 0 
 0 
 0 
 0 
 0 
 0 
 0 
 0 
 0 
 0 
 0 
 0 
 0 
 0 
 0 
 0 
 0 
 0 
 0 
 0 
 0 
 0 
 0 
 0 
 0 
 0 
 0 
 0 
 0 
 0 
 0 
 0 
 0 
 0 
 0 
 0 
 0 
 0 
 0 
 0 
 0 
 0 
 0 
 0 
 0 
 0 
 0 
 0 
 0 
 0 
 0 
 0 
 0 
 0 
 0 
 0 
 0 
 0 
 0 
 0 
 0 
 0 
 0 
 0 
 0 
 0 
 0 
 0 
 0 
 0 
 0 
 0 
 0 
 0 
 0 
 0 
 0 
 0 
 0 
 0 
 0 
 0 
 0 
 0 
 0 
 0 
 0 
 0 
 0 
 0 
 0 
 0 
 0 
 0 
 0 
 0 
 0 
 0 
 0 
 0 
 0 
 0 
 0 
 0 
 0 
 0 
 0 
 0 
 0 
 0 
 0 
 0 
 0 
 0 
 0 
 0 
 0 
 0 
 0 
 0 
 0 
 0 
 0 
 0 
 0 
 0 
 0 
 0 
 0 
 0 
 0 
 0 
 0 
 0 
 0 
 0 
 0 
 0 
 0 
 0 
 0 
 0 
 0 
 0 
 0 
 0 
 0 
 0 
 0 
 0 
 0 
 0 
 0 
 0 
 0 
 0 
 0 
 0 
 0 
 0 
 0 
 0 
 0 
 0 
 0 
 0 
 0 
 0 
 0 
 0 
 0 
 0 
 0 
 0 
 0 
 0 
 0 
 0 
 0 
 0 
 0 
 0 
 0 
 0 
 0 
 0 
 0 
 0 
 0 
 0 
 0 
 0 
 0 
 0 
 0 
 0 
 0 
 0 
 0 
 0 
 0 
 0 
 0 
 0 
 0 
 0 
 0 
 0 
 0 
 0 
 0 
 0 
 0 
 0 
 0 
 0 
 0 
 0 
 0 
 0 
 0 
 0 
 0 
 0 
 0 
 0 
 0 
 0 
 0 
 0 
 0 
 0 
 0 
 0 
 0 
 0 
 0 
 0 
 0 
 0 
 0 
 0 
 0 
 0 
 0 
 0 
 0 
 0 
 0 
 0 
 0 
 0 
 0 
 0 
 0 
 0 
 0 
 0 
 0 
 0 
 0 
 0 
 0 
 0 
 0 
 0 
 0 
 0 
 0 
 0 
 0 
 0 
 0 
 0 
 0 
 0 
 0 
 0 
 0 
 0 
 0 
 0 
 0 
 0 
 0 
 0 
 0 
 0 
 0 
 0 
 0 
 0 
 0 
 0 
 0 
 0 
 0 
 0 
 0 
 0 
 0 
 0 
 0 
 0 
 0 
 0 
 0 
 0 
 0 
 0 
 0 
 0 
 0 
 0 
 0 
 0 
 0 
 0 
 0 
 0 
 0 
 0 
 0 
 0 
 0 
 0 
 0 
 0 
 0 
 0 
 0 
 0 
 0 
 0 
 0 
 0 
 0 
 0 
 0 
 0 
 0 
 0 
 0 
 0 
 0 
 0 
 0 
 0 
 0 
 0 
 0 
 0 
 0 
 0 
 0 
 0 
 0 
 0 
 0 
 0 
 0 
 0 
 0 
<<EndData>>
<<Data>>
*****
Condition 1
Kv : 8
mA : 0.2
Time : 120
Filter : 1
Mask : 2
Rotation : True
Environment : Vacuum
 0 
 0 
 0 
 0 
 0 
 0 
 0 
 0 
 0 
 0 
 0 
 0 
 0 
 0 
 0 
 0 
 0 
 0 
 50 
 91 
 91 
 98 
 98 
 78 
 85 
 88 
 96 
 96 
 96 
 118 
 214 
 307 
 461 
 387 
 446 
 992 
 2619 
 5307 
 7480 
 6585 
 3811 
 1572 
 535 
 278 
 206 
 215 
 282 
 454 
 626 
 703 
 549 
 403 
 339 
 263 
 244 
 245 
 204 
 213 
 270 
 236 
 242 
 247 
 263 
 231 
 240 
 230 
 247 
 211 
 241 
 220 
 229 
 252 
 232 
 225 
 227 
 226 
 229 
 219 
 182 
 236 
 225 
 232 
 253 
 252 
 224 
 231 
 244 
 202 
 241 
 244 
 252 
 264 
 218 
 244 
 256 
 289 
 263 
 363 
 468 
 540 
 640 
 552 
 570 
 415 
 348 
 305 
 285 
 322 
 255 
 290 
 281 
 274 
 314 
 290 
 389 
 374 
 432 
 498 
 499 
 501 
 446 
 468 
 429 
 442 
 502 
 494 
 539 
 485 
 593 
 635 
 679 
 806 
 836 
 996 
 996 
 1118 
 1290 
 1271 
 1205 
 1214 
 1167 
 1191 
 1106 
 1271 
 1362 
 1908 
 3144 
 5416 
 9936 
 18940 
 37464 
 73828 
 134541 
 218096 
 303188 
 357766 
 356071 
 294677 
 205426 
 120404 
 61468 
 30835 
 20043 
 18949 
 22646 
 26040 
 27626 
 25517 
 20308 
 14520 
 9787 
 6508 
 4813 
 3995 
 3894 
 3767 
 4079 
 4102 
 4388 
 4520 
 4965 
 5273 
 5205 
 5030 
 4779 
 4378 
 4151 
 4158 
 4280 
 4286 
 4484 
 4422 
 4334 
 4272 
 4113 
 3975 
 3933 
 3712 
 3604 
 3569 
 3515 
 3514 
 3687 
 3483 
 3505 
 3460 
 3567 
 3443 
 3628 
 3681 
 3621 
 3542 
 3626 
 3512 
 3609 
 3590 
 3607 
 3562 
 3658 
 3625 
 3677 
 3515 
 3652 
 3651 
 3677 
 3722 
 3781 
 3777 
 3707 
 3678 
 3752 
 3801 
 3788 
 3752 
 3819 
 3756 
 3674 
 3788 
 3795 
 3850 
 3719 
 3824 
 3882 
 3844 
 3813 
 3897 
 3811 
 3954 
 4017 
 3993 
 3896 
 3902 
 3923 
 4077 
 3850 
 3988 
 4071 
 3970 
 4037 
 3901 
 3999 
 4146 
 4040 
 4045 
 3905 
 4044 
 3961 
 4133 
 4003 
 4040 
 4163 
 4006 
 4049 
 4121 
 4117 
 4067 
 4146 
 4142 
 4147 
 4166 
 4135 
 4092 
 4145 
 4186 
 4105 
 4301 
 4206 
 4221 
 4169 
 4261 
 4386 
 4245 
 4358 
 4370 
 4315 
 4291 
 4290 
 4318 
 4441 
 4341 
 4250 
 4432 
 4420 
 4478 
 4346 
 4432 
 4597 
 4575 
 4315 
 4184 
 4033 
 3627 
 3174 
 2886 
 2329 
 2021 
 1766 
 1571 
 1519 
 1519 
 1357 
 1337 
 1275 
 1223 
 1133 
 1116 
 1050 
 1006 
 1022 
 887 
 911 
 958 
 921 
 915 
 964 
 936 
 943 
 951 
 887 
 934 
 913 
 867 
 881 
 855 
 917 
 922 
 825 
 870 
 865 
 799 
 795 
 812 
 798 
 821 
 775 
 777 
 736 
 797 
 746 
 753 
 770 
 770 
 708 
 765 
 772 
 751 
 751 
 742 
 748 
 719 
 747 
 723 
 693 
 687 
 708 
 673 
 713 
 684 
 664 
 645 
 666 
 691 
 647 
 611 
 632 
 633 
 631 
 612 
 645 
 572 
 590 
 619 
 594 
 582 
 558 
 583 
 566 
 572 
 526 
 540 
 519 
 553 
 538 
 501 
 514 
 494 
 517 
 496 
 508 
 512 
 537 
 456 
 456 
 485 
 468 
 466 
 464 
 465 
 452 
 463 
 431 
 456 
 458 
 433 
 413 
 403 
 414 
 403 
 377 
 393 
 407 
 383 
 378 
 345 
 364 
 311 
 322 
 327 
 339 
 340 
 300 
 322 
 314 
 319 
 288 
 307 
 308 
 285 
 301 
 266 
 267 
 253 
 263 
 258 
 245 
 228 
 235 
 203 
 231 
 200 
 206 
 198 
 197 
 179 
 209 
 192 
 168 
 160 
 145 
 174 
 153 
 137 
 138 
 126 
 135 
 161 
 122 
 150 
 135 
 146 
 132 
 130 
 117 
 125 
 125 
 119 
 106 
 119 
 117 
 143 
 112 
 127 
 104 
 106 
 115 
 113 
 98 
 110 
 84 
 105 
 95 
 75 
 83 
 92 
 89 
 87 
 96 
 84 
 104 
 87 
 75 
 90 
 76 
 72 
 69 
 77 
 73 
 71 
 71 
 67 
 63 
 69 
 67 
 88 
 73 
 66 
 63 
 61 
 56 
 67 
 57 
 60 
 57 
 54 
 58 
 58 
 67 
 70 
 50 
 55 
 50 
 45 
 45 
 46 
 49 
 43 
 47 
 48 
 46 
 42 
 48 
 53 
 46 
 41 
 50 
 42 
 44 
 42 
 30 
 40 
 37 
 53 
 23 
 32 
 34 
 26 
 34 
 34 
 30 
 35 
 32 
 37 
 29 
 32 
 25 
 28 
 32 
 30 
 25 
 39 
 16 
 35 
 30 
 31 
 22 
 23 
 25 
 25 
 23 
 29 
 26 
 23 
 18 
 19 
 13 
 24 
 21 
 16 
 17 
 19 
 21 
 17 
 14 
 13 
 11 
 20 
 23 
 11 
 11 
 16 
 12 
 11 
 7 
 14 
 12 
 14 
 19 
 11 
 13 
 14 
 9 
 11 
 20 
 7 
 9 
 14 
 4 
 15 
 11 
 11 
 15 
 9 
 11 
 13 
 9 
 8 
 14 
 3 
 10 
 9 
 8 
 12 
 12 
 6 
 9 
 10 
 6 
 9 
 6 
 9 
 8 
 5 
 9 
 8 
 6 
 5 
 7 
 7 
 6 
 4 
 9 
 6 
 8 
 2 
 7 
 8 
 4 
 9 
 5 
 2 
 1 
 1 
 4 
 5 
 3 
 6 
 2 
 1 
 2 
 3 
 2 
 1 
 5 
 4 
 6 
 2 
 2 
 4 
 3 
 4 
 4 
 4 
 2 
 2 
 1 
 3 
 2 
 2 
 4 
 2 
 3 
 6 
 5 
 1 
 2 
 1 
 2 
 2 
 1 
 1 
 0 
 2 
 2 
 3 
 1 
 2 
 2 
 2 
 2 
 2 
 0 
 1 
 2 
 4 
 0 
 5 
 2 
 1 
 1 
 3 
 1 
 2 
 1 
 1 
 0 
 0 
 1 
 0 
 0 
 0 
 0 
 0 
 2 
 1 
 2 
 0 
 2 
 0 
 0 
 1 
 2 
 2 
 2 
 0 
 0 
 1 
 2 
 2 
 0 
 1 
 0 
 0 
 0 
 0 
 1 
 2 
 3 
 1 
 2 
 1 
 0 
 1 
 1 
 0 
 3 
 1 
 1 
 0 
 1 
 1 
 0 
 0 
 2 
 1 
 0 
 1 
 2 
 0 
 0 
 1 
 0 
 0 
 0 
 0 
 1 
 2 
 0 
 0 
 2 
 0 
 0 
 0 
 1 
 0 
 0 
 0 
 0 
 0 
 0 
 0 
 1 
 0 
 0 
 1 
 0 
 0 
 0 
 0 
 0 
 0 
 0 
 0 
 0 
 0 
 0 
 0 
 0 
 0 
 0 
 0 
 1 
 0 
 0 
 1 
 0 
 0 
 0 
 0 
 0 
 1 
 0 
 0 
 0 
 0 
 1 
 0 
 0 
 0 
 0 
 0 
 0 
 0 
 0 
 0 
 0 
 0 
 0 
 1 
 0 
 0 
 0 
 0 
 0 
 0 
 0 
 0 
 0 
 0 
 0 
 0 
 0 
 1 
 0 
 0 
 0 
 0 
 0 
 0 
 0 
 0 
 0 
 0 
 0 
 0 
 0 
 0 
 0 
 0 
 1 
 0 
 0 
 1 
 1 
 1 
 0 
 0 
 0 
 0 
 0 
 0 
 0 
 0 
 0 
 0 
 0 
 0 
 0 
 0 
 0 
 0 
 0 
 0 
 0 
 0 
 0 
 0 
 0 
 0 
 0 
 0 
 0 
 0 
 0 
 0 
 0 
 0 
 0 
 0 
 0 
 0 
 0 
 0 
 0 
 0 
 0 
 0 
 0 
 0 
 0 
 0 
 0 
 1 
 0 
 0 
 1 
 0 
 0 
 0 
 0 
 0 
 0 
 1 
 0 
 0 
 0 
 0 
 0 
 0 
 0 
 0 
 0 
 0 
 0 
 0 
 0 
 0 
 0 
 0 
 0 
 0 
 0 
 0 
 0 
 0 
 0 
 0 
 0 
 0 
 0 
 0 
 0 
 0 
 0 
 0 
 0 
 0 
 0 
 0 
 0 
 0 
 0 
 0 
 0 
 0 
 0 
 0 
 0 
 0 
 0 
 0 
 0 
 0 
 0 
 0 
 0 
 0 
 0 
 0 
 0 
 0 
 0 
 0 
 0 
 0 
 0 
 0 
 0 
 0 
 0 
 0 
 0 
 0 
 0 
 0 
 0 
 0 
 0 
 0 
 0 
 0 
 0 
 0 
 0 
 0 
 0 
 0 
 0 
 0 
 0 
 0 
 0 
 0 
 0 
 0 
 0 
 0 
 0 
 0 
 0 
 0 
 0 
 0 
 0 
 0 
 0 
 0 
 0 
 0 
 0 
 0 
 0 
 0 
 0 
 0 
 0 
 0 
 0 
 0 
 0 
 0 
 0 
 0 
 0 
 0 
 0 
 0 
 0 
 0 
 0 
 0 
 0 
 0 
 0 
 0 
 0 
 0 
 0 
 0 
 0 
 0 
 0 
 0 
 0 
 0 
 0 
 0 
 0 
 0 
 0 
 0 
 0 
 0 
 0 
 0 
 0 
 0 
 0 
 0 
 0 
 0 
 0 
 0 
 0 
 0 
 0 
 0 
 0 
 0 
 0 
 0 
 0 
 0 
 0 
 0 
 0 
 0 
 0 
 0 
 0 
 0 
 0 
 0 
 0 
 0 
 0 
 0 
 0 
 0 
 0 
 0 
 0 
 0 
 0 
 0 
 0 
 0 
 0 
 0 
 0 
 0 
 0 
 0 
 0 
 0 
 0 
 0 
 0 
 0 
 0 
 0 
 0 
 0 
 0 
 0 
 0 
 0 
 0 
 0 
 0 
 0 
 0 
 0 
 0 
 0 
 0 
 0 
 0 
 0 
 0 
 0 
 0 
 0 
 0 
 0 
 0 
 0 
 0 
 0 
 0 
 0 
 0 
 0 
 0 
 0 
 0 
 0 
 0 
 0 
 0 
 0 
 0 
 0 
 0 
 0 
 0 
 0 
 0 
 0 
 0 
 0 
 0 
 0 
 0 
 0 
 0 
 0 
 0 
 0 
 0 
 0 
 0 
 0 
 0 
 0 
 0 
 0 
 0 
 0 
 0 
 0 
 0 
 0 
 0 
 0 
 0 
 0 
 0 
 0 
 0 
 0 
 0 
 0 
 0 
 0 
 0 
 0 
 0 
 0 
 0 
 0 
 0 
 0 
 0 
 0 
 0 
 0 
 0 
 0 
 0 
 0 
 0 
 0 
 0 
 0 
 0 
 0 
 0 
 0 
 0 
 0 
 0 
 0 
 0 
 0 
 0 
 0 
 0 
 0 
 0 
 0 
 0 
 0 
 0 
 0 
 0 
 0 
 0 
 0 
 0 
 0 
 0 
 0 
 0 
 0 
 0 
 0 
 0 
 0 
 0 
 0 
 0 
 0 
 0 
 0 
 0 
 0 
 0 
 0 
 0 
 0 
 0 
 0 
 0 
 0 
 0 
 0 
 0 
 0 
 0 
 0 
 0 
 0 
 0 
 0 
 0 
 0 
 0 
 0 
 0 
 0 
 0 
 0 
 0 
 0 
 0 
 0 
 0 
 0 
 0 
 0 
 0 
 0 
 0 
 0 
 0 
 0 
 0 
 0 
 0 
 0 
 0 
 0 
 0 
 0 
 0 
 0 
 0 
 0 
 0 
 0 
 0 
 0 
 0 
 0 
 0 
 0 
 0 
 0 
 0 
 0 
 0 
 0 
 0 
 0 
 0 
 0 
 0 
 0 
 0 
 0 
 0 
 0 
 0 
 0 
 0 
 0 
 0 
 0 
 0 
 0 
 0 
 0 
 0 
 0 
 0 
 0 
 0 
 0 
 0 
 0 
 0 
 0 
 0 
 0 
 0 
 0 
 0 
 0 
 0 
 0 
 0 
 0 
 0 
 0 
 0 
 0 
 0 
 0 
 0 
 0 
 0 
 0 
 0 
 0 
 0 
 0 
 0 
 0 
 0 
 0 
 0 
 0 
 0 
 0 
 0 
 0 
 0 
 0 
 0 
 0 
 0 
 0 
 0 
 0 
 0 
 0 
 0 
 0 
 0 
 0 
 0 
 0 
 0 
 0 
 0 
 0 
 0 
 0 
 0 
 0 
 0 
 0 
 0 
 0 
 0 
 0 
 0 
 0 
 0 
 0 
 0 
 0 
 0 
 0 
 0 
 0 
 0 
 0 
 0 
 0 
 0 
 0 
 0 
 0 
 0 
 0 
 0 
 0 
 0 
 0 
 0 
 0 
 0 
 0 
 0 
 0 
 0 
 0 
 0 
 0 
 0 
 0 
 0 
 0 
 0 
 0 
 0 
 0 
 0 
 0 
 0 
 0 
 0 
 0 
 0 
 0 
 0 
 0 
 0 
 0 
 0 
 0 
 0 
 0 
 0 
 0 
 0 
 0 
 0 
 0 
 0 
 0 
 0 
 0 
 0 
 0 
 0 
 0 
 0 
 0 
 0 
 0 
 0 
 0 
 0 
 0 
 0 
 0 
 0 
 0 
 0 
 0 
 0 
 0 
 0 
 0 
 0 
 0 
 0 
 0 
 0 
 0 
 0 
 0 
 0 
 0 
 0 
 0 
 0 
 0 
 0 
 0 
 0 
 0 
 0 
 0 
 0 
 0 
 0 
 0 
 0 
 0 
 0 
 0 
 0 
 0 
 0 
 0 
 0 
 0 
 0 
 0 
 0 
 0 
 0 
 0 
 0 
 0 
 0 
 0 
 0 
 0 
 0 
 0 
 0 
 0 
 0 
 0 
 0 
 0 
 0 
 0 
 0 
 0 
 0 
 0 
 0 
 0 
 0 
 0 
 0 
 0 
 0 
 0 
 0 
 0 
 0 
 0 
 0 
 0 
 0 
 0 
 0 
 0 
 0 
 0 
 0 
 0 
 0 
 0 
 0 
 0 
 0 
 0 
 0 
 0 
 0 
 0 
 0 
 0 
 0 
 0 
 0 
 0 
 0 
 0 
 0 
 0 
 0 
 0 
 0 
 0 
 0 
 0 
 0 
 0 
 0 
 0 
 0 
 0 
 0 
 0 
 0 
 0 
 0 
 0 
 0 
 0 
 0 
 0 
 0 
 0 
 0 
 0 
 0 
 0 
 0 
 0 
 0 
 0 
 0 
 0 
 0 
 0 
 0 
 0 
 0 
 0 
 0 
 0 
 0 
 0 
 0 
 0 
 0 
 0 
 0 
 0 
 0 
 0 
 0 
 0 
 0 
 0 
 0 
 0 
 0 
 0 
 0 
 0 
 0 
 0 
 0 
 0 
 0 
 0 
 0 
 0 
 0 
 0 
 0 
 0 
 0 
 0 
 0 
 0 
 0 
 0 
 0 
 0 
 0 
 0 
 0 
 0 
 0 
 0 
 0 
 0 
 0 
 0 
 0 
 0 
 0 
 0 
 0 
 0 
 0 
 0 
 0 
 0 
 0 
 0 
 0 
 0 
 0 
 0 
 0 
 0 
 0 
 0 
 0 
 0 
 0 
 0 
 0 
 0 
 0 
 0 
 0 
 0 
 0 
 0 
 0 
 0 
 0 
 0 
 0 
 0 
 0 
 0 
 0 
 0 
 0 
 0 
 0 
 0 
 0 
 0 
 0 
 0 
 0 
 0 
 0 
 0 
 0 
 0 
 0 
 0 
 0 
 0 
 0 
 0 
 0 
 0 
 0 
 0 
 0 
 0 
 0 
 0 
 0 
 0 
 0 
 0 
 0 
 0 
 0 
 0 
 0 
 0 
 0 
 0 
 0 
 0 
 0 
 0 
 0 
 0 
 0 
 0 
 0 
 0 
 0 
 0 
 0 
 0 
 0 
 0 
 0 
 0 
 0 
 0 
 0 
 0 
 0 
 0 
 0 
 0 
 0 
 0 
 0 
 0 
 0 
 0 
 0 
 0 
 0 
 0 
 0 
 0 
 0 
 0 
 0 
 0 
 0 
 0 
 0 
 0 
 0 
 0 
 0 
 0 
 0 
 0 
 0 
 0 
 0 
 0 
 0 
 0 
 0 
 0 
 0 
 0 
 0 
 0 
 0 
 0 
 0 
 0 
 0 
 0 
 0 
 0 
 0 
 0 
 0 
 0 
 0 
 0 
 0 
 0 
 0 
 0 
 0 
 0 
 0 
 0 
 0 
 0 
 0 
 0 
 0 
 0 
 0 
 0 
 0 
 0 
 0 
 0 
 0 
 0 
 0 
 0 
 0 
 0 
 0 
 0 
 0 
 0 
 0 
 0 
 0 
 0 
 0 
 0 
 0 
 0 
 0 
 0 
 0 
 0 
 0 
 0 
 0 
 0 
 0 
 0 
 0 
 0 
 0 
 0 
 0 
 0 
 0 
 0 
 0 
 0 
 0 
 0 
 0 
 0 
 0 
 0 
 0 
 0 
 0 
 0 
 0 
 0 
 0 
 0 
 0 
 0 
 0 
 0 
 0 
 0 
 0 
 0 
 0 
 0 
 0 
 0 
 0 
 0 
 0 
 0 
 0 
 0 
 0 
 0 
 0 
 0 
 0 
 0 
 0 
 0 
 0 
 0 
 0 
 0 
 0 
 0 
 0 
 0 
 0 
 0 
 0 
 0 
 0 
 0 
 0 
 0 
 0 
 0 
 0 
 0 
 0 
 0 
 0 
 0 
 0 
 0 
 0 
 0 
 0 
 0 
 0 
 0 
 0 
 0 
 0 
 0 
 0 
 0 
 0 
 0 
<<EndData>>
